2.026700973510742188e-02,2.052145004272460938e-01,2.052175998687744141e-01
7.511854171752929688e-03,1.836526393890380859e-01,1.836538314819335938e-01
7.509708404541015625e-03,1.856906414031982422e-01,1.856932640075683594e-01
8.412837982177734375e-03,1.761519908905029297e-01,1.761538982391357422e-01
8.348464965820312500e-03,1.733319759368896484e-01,1.733355522155761719e-01
8.561372756958007812e-03,1.760799884796142578e-01,1.760830879211425781e-01
8.322000503540039062e-03,1.723189353942871094e-01,1.723220348358154297e-01
8.274555206298828125e-03,1.728646755218505859e-01,1.728670597076416016e-01
8.043050765991210938e-03,1.789877414703369141e-01,1.789910793304443359e-01
7.841110229492187500e-03,0.000000000000000000e+00,0.000000000000000000e+00
