2.663087844848632812e-02,1.943199634552001953e-01,1.942944526672363281e-01
1.229667663574218750e-02,1.762201786041259766e-01,1.762235164642333984e-01
1.239299774169921875e-02,1.752038002014160156e-01,1.752095222473144531e-01
1.266288757324218750e-02,1.745502948760986328e-01,1.745562553405761719e-01
7.927656173706054688e-03,1.702396869659423828e-01,1.702427864074707031e-01
7.657766342163085938e-03,1.749069690704345703e-01,1.749124526977539062e-01
7.476568222045898438e-03,1.747779846191406250e-01,1.747834682464599609e-01
7.459640502929687500e-03,1.687743663787841797e-01,1.687779426574707031e-01
7.738828659057617188e-03,1.712694168090820312e-01,1.712751388549804688e-01
7.623195648193359375e-03,0.000000000000000000e+00,0.000000000000000000e+00
