2.984023094177246094e-02,2.169804573059082031e-01,2.169907093048095703e-01
1.221752166748046875e-02,1.905910968780517578e-01,1.905941963195800781e-01
1.225185394287109375e-02,1.845924854278564453e-01,1.845955848693847656e-01
1.231312751770019531e-02,1.754081249237060547e-01,1.754117012023925781e-01
1.227426528930664062e-02,1.778700351715087891e-01,1.778726577758789062e-01
1.215529441833496094e-02,1.767544746398925781e-01,1.767566204071044922e-01
1.221227645874023438e-02,1.754302978515625000e-01,1.754326820373535156e-01
1.240825653076171875e-02,1.756756305694580078e-01,1.756784915924072266e-01
1.265835762023925781e-02,1.764669418334960938e-01,1.764698028564453125e-01
1.226496696472167969e-02,0.000000000000000000e+00,0.000000000000000000e+00
