3.370141983032226562e-02,2.239260673522949219e-01,2.239449024200439453e-01
8.557319641113281250e-03,1.866633892059326172e-01,1.866729259490966797e-01
8.461475372314453125e-03,1.877775192260742188e-01,1.877865791320800781e-01
8.296728134155273438e-03,1.776337623596191406e-01,1.776518821716308594e-01
8.366584777832031250e-03,1.757688522338867188e-01,1.757783889770507812e-01
8.459806442260742188e-03,1.787853240966796875e-01,1.787924766540527344e-01
8.406639099121093750e-03,1.758248805999755859e-01,1.758382320404052734e-01
8.523941040039062500e-03,1.751658916473388672e-01,1.751754283905029297e-01
8.305311203002929688e-03,1.787710189819335938e-01,1.787810325622558594e-01
8.264780044555664062e-03,0.000000000000000000e+00,0.000000000000000000e+00
