2.506232261657714844e-02,1.918809413909912109e-01,1.918830871582031250e-01
7.915735244750976562e-03,1.699321269989013672e-01,1.699345111846923828e-01
7.921457290649414062e-03,1.696856021881103516e-01,1.696925163269042969e-01
8.469581604003906250e-03,1.705889701843261719e-01,1.705965995788574219e-01
8.084058761596679688e-03,1.730601787567138672e-01,1.730718612670898438e-01
8.231878280639648438e-03,1.676483154296875000e-01,1.676642894744873047e-01
1.341462135314941406e-02,1.764585971832275391e-01,1.764652729034423828e-01
8.500576019287109375e-03,1.714344024658203125e-01,1.714446544647216797e-01
8.232355117797851562e-03,1.723856925964355469e-01,1.723928451538085938e-01
8.013963699340820312e-03,0.000000000000000000e+00,0.000000000000000000e+00
