1.930689811706542969e-02,2.021830081939697266e-01,2.021973133087158203e-01
7.699966430664062500e-03,1.801757812500000000e-01,1.801784038543701172e-01
7.840633392333984375e-03,1.774942874908447266e-01,1.774973869323730469e-01
7.822275161743164062e-03,1.780297756195068359e-01,1.780323982238769531e-01
7.917165756225585938e-03,1.838493347167968750e-01,1.838526725769042969e-01
7.467508316040039062e-03,1.731350421905517578e-01,1.731376647949218750e-01
7.421731948852539062e-03,1.747515201568603516e-01,1.747539043426513672e-01
7.571220397949218750e-03,1.731154918670654297e-01,1.731181144714355469e-01
7.414579391479492188e-03,1.741504669189453125e-01,1.741538047790527344e-01
7.543563842773437500e-03,0.000000000000000000e+00,0.000000000000000000e+00
