2.128100395202636719e-02,1.930456161499023438e-01,1.930501461029052734e-01
8.263587951660156250e-03,1.869971752166748047e-01,1.870024204254150391e-01
8.078336715698242188e-03,1.798624992370605469e-01,1.798670291900634766e-01
7.971048355102539062e-03,1.804597377777099609e-01,1.804680824279785156e-01
7.886171340942382812e-03,1.787588596343994141e-01,1.787679195404052734e-01
7.978439331054687500e-03,1.800277233123779297e-01,1.800353527069091797e-01
8.384466171264648438e-03,1.796715259552001953e-01,1.796782016754150391e-01
8.482933044433593750e-03,1.717364788055419922e-01,1.717412471771240234e-01
8.058309555053710938e-03,1.731343269348144531e-01,1.731410026550292969e-01
8.036851882934570312e-03,0.000000000000000000e+00,0.000000000000000000e+00
