2.049517631530761719e-02,1.897928714752197266e-01,1.897995471954345703e-01
7.771730422973632812e-03,1.718330383300781250e-01,1.718392372131347656e-01
7.966518402099609375e-03,1.722159385681152344e-01,1.722280979156494141e-01
1.112914085388183594e-02,1.727139949798583984e-01,1.727280616760253906e-01
8.030652999877929688e-03,1.735191345214843750e-01,1.735348701477050781e-01
8.097887039184570312e-03,1.766664981842041016e-01,1.766743659973144531e-01
8.152484893798828125e-03,1.771659851074218750e-01,1.771728992462158203e-01
7.957935333251953125e-03,1.764483451843261719e-01,1.764535903930664062e-01
8.009195327758789062e-03,1.835873126983642578e-01,1.835970878601074219e-01
7.964849472045898438e-03,0.000000000000000000e+00,0.000000000000000000e+00
