2.382922172546386719e-02,2.056076526641845703e-01,2.056136131286621094e-01
1.415991783142089844e-02,1.934385299682617188e-01,1.934421062469482422e-01
1.189088821411132812e-02,1.849629878997802734e-01,1.849668025970458984e-01
1.181459426879882812e-02,1.821415424346923828e-01,1.821451187133789062e-01
1.190495491027832031e-02,1.850619316101074219e-01,1.850659847259521484e-01
7.486820220947265625e-03,1.792120933532714844e-01,1.792142391204833984e-01
7.353544235229492188e-03,1.798989772796630859e-01,1.799013614654541016e-01
7.544040679931640625e-03,1.760213375091552734e-01,1.760237216949462891e-01
8.503913879394531250e-03,1.777572631835937500e-01,1.777601242065429688e-01
8.453845977783203125e-03,0.000000000000000000e+00,0.000000000000000000e+00
