1.964616775512695312e-02,2.085707187652587891e-01,2.085750102996826172e-01
7.737636566162109375e-03,1.878440380096435547e-01,1.878473758697509766e-01
7.656574249267578125e-03,1.903758049011230469e-01,1.903791427612304688e-01
7.825613021850585938e-03,1.836013793945312500e-01,1.836042404174804688e-01
7.768392562866210938e-03,1.849875450134277344e-01,1.849908828735351562e-01
7.781028747558593750e-03,1.833457946777343750e-01,1.833488941192626953e-01
7.530212402343750000e-03,1.811585426330566406e-01,1.811621189117431641e-01
7.838487625122070312e-03,1.770939826965332031e-01,1.770966053009033203e-01
7.863759994506835938e-03,1.791572570800781250e-01,1.791601181030273438e-01
7.858037948608398438e-03,0.000000000000000000e+00,0.000000000000000000e+00
