1.852369308471679688e-02,1.829917430877685547e-01,1.829948425292968750e-01
7.564544677734375000e-03,1.697530746459960938e-01,1.697564125061035156e-01
1.065897941589355469e-02,1.731512546539306641e-01,1.731531620025634766e-01
7.624387741088867188e-03,1.720631122589111328e-01,1.720659732818603516e-01
7.502794265747070312e-03,1.705496311187744141e-01,1.705524921417236328e-01
1.014375686645507812e-02,1.676256656646728516e-01,1.676273345947265625e-01
7.484674453735351562e-03,1.711342334747314453e-01,1.711363792419433594e-01
7.627010345458984375e-03,1.657228469848632812e-01,1.657257080078125000e-01
7.544994354248046875e-03,1.741375923156738281e-01,1.741394996643066406e-01
7.624387741088867188e-03,0.000000000000000000e+00,0.000000000000000000e+00
