2.449536323547363281e-02,2.104778289794921875e-01,2.104825973510742188e-01
7.715225219726562500e-03,1.858458518981933594e-01,1.858534812927246094e-01
7.796525955200195312e-03,1.885921955108642578e-01,1.885991096496582031e-01
8.008480072021484375e-03,1.871957778930664062e-01,1.872045993804931641e-01
1.003408432006835938e-02,2.104814052581787109e-01,2.105064392089843750e-01
8.366346359252929688e-03,1.923983097076416016e-01,1.924057006835937500e-01
7.837057113647460938e-03,1.839172840118408203e-01,1.839432716369628906e-01
7.991075515747070312e-03,1.811366081237792969e-01,1.811420917510986328e-01
7.930517196655273438e-03,1.842668056488037109e-01,1.842732429504394531e-01
8.445739746093750000e-03,0.000000000000000000e+00,0.000000000000000000e+00
