2.602696418762207031e-02,1.974909305572509766e-01,1.974947452545166016e-01
7.909297943115234375e-03,1.732084751129150391e-01,1.732168197631835938e-01
7.990837097167968750e-03,1.817638874053955078e-01,1.817705631256103516e-01
7.899284362792968750e-03,1.688001155853271484e-01,1.688070297241210938e-01
1.134848594665527344e-02,1.775290966033935547e-01,1.775336265563964844e-01
7.941007614135742188e-03,1.755669116973876953e-01,1.755740642547607422e-01
7.923841476440429688e-03,1.754193305969238281e-01,1.754267215728759766e-01
8.053779602050781250e-03,1.698977947235107422e-01,1.699047088623046875e-01
8.409500122070312500e-03,1.729185581207275391e-01,1.729273796081542969e-01
8.477210998535156250e-03,0.000000000000000000e+00,0.000000000000000000e+00
