2.185964584350585938e-02,1.971042156219482422e-01,1.971235275268554688e-01
1.007103919982910156e-02,1.866507530212402344e-01,1.866598129272460938e-01
7.930517196655273438e-03,1.776015758514404297e-01,1.776192188262939453e-01
8.297920227050781250e-03,1.727395057678222656e-01,1.727435588836669922e-01
7.965564727783203125e-03,1.745333671569824219e-01,1.745390892028808594e-01
7.973909378051757812e-03,1.768448352813720703e-01,1.768541336059570312e-01
7.911682128906250000e-03,1.721441745758056641e-01,1.721494197845458984e-01
8.345842361450195312e-03,1.733694076538085938e-01,1.733794212341308594e-01
8.375406265258789062e-03,1.728367805480957031e-01,1.728475093841552734e-01
8.261442184448242188e-03,0.000000000000000000e+00,0.000000000000000000e+00
