1.907134056091308594e-02,1.956892013549804688e-01,1.956920623779296875e-01
7.742643356323242188e-03,1.730203628540039062e-01,1.730229854583740234e-01
7.554769515991210938e-03,1.725573539733886719e-01,1.725597381591796875e-01
7.633686065673828125e-03,1.760530471801757812e-01,1.760556697845458984e-01
7.892370223999023438e-03,1.734535694122314453e-01,1.734564304351806641e-01
7.838249206542968750e-03,1.728010177612304688e-01,1.728034019470214844e-01
7.566928863525390625e-03,1.816349029541015625e-01,1.816375255584716797e-01
7.522821426391601562e-03,1.691796779632568359e-01,1.691820621490478516e-01
1.056623458862304688e-02,1.797907352447509766e-01,1.797952651977539062e-01
7.582426071166992188e-03,0.000000000000000000e+00,0.000000000000000000e+00
