1.851725578308105469e-02,1.817283630371093750e-01,1.817312240600585938e-01
7.601976394653320312e-03,1.655280590057373047e-01,1.655304431915283203e-01
8.452892303466796875e-03,1.700806617736816406e-01,1.700842380523681641e-01
7.889032363891601562e-03,1.689851284027099609e-01,1.689887046813964844e-01
7.537126541137695312e-03,1.825337409973144531e-01,1.825366020202636719e-01
7.573604583740234375e-03,1.725471019744873047e-01,1.725490093231201172e-01
7.582426071166992188e-03,1.815207004547119141e-01,1.815228462219238281e-01
7.513999938964843750e-03,1.666576862335205078e-01,1.666610240936279297e-01
7.460355758666992188e-03,1.735246181488037109e-01,1.735267639160156250e-01
7.564306259155273438e-03,0.000000000000000000e+00,0.000000000000000000e+00
