2.600026130676269531e-02,1.965911388397216797e-01,1.965978145599365234e-01
1.245450973510742188e-02,1.819233894348144531e-01,1.819288730621337891e-01
1.314401626586914062e-02,1.831181049346923828e-01,1.831078529357910156e-01
1.243019104003906250e-02,1.757731437683105469e-01,1.757791042327880859e-01
1.245474815368652344e-02,1.757469177246093750e-01,1.757526397705078125e-01
1.245951652526855469e-02,1.745593547821044922e-01,1.745653152465820312e-01
7.438659667968750000e-03,1.718652248382568359e-01,1.718709468841552734e-01
7.669210433959960938e-03,1.702535152435302734e-01,1.702589988708496094e-01
7.393598556518554688e-03,1.717624664306640625e-01,1.718022823333740234e-01
7.544279098510742188e-03,0.000000000000000000e+00,0.000000000000000000e+00
