0.000000000000000000e+00,8.249999999999999556e-01
1.401901245117187500e-04,8.193603515624999778e-01
2.739429473876953125e-04,8.161376953124999112e-01
3.523826599121093750e-04,8.121093749999999112e-01
4.241466522216796875e-04,8.096923828125000000e-01
5.128383636474609375e-04,8.064697265624999334e-01
5.981922149658203125e-04,8.024414062499999334e-01
6.992816925048828125e-04,7.992187499999999778e-01
7.803440093994140625e-04,7.984130859374999334e-01
8.573532104492187500e-04,7.927734374999999556e-01
9.672641754150390625e-04,7.927734374999999556e-01
1.059770584106445312e-03,7.871337890624999778e-01
1.135826110839843750e-03,7.822998046874999334e-01
1.209020614624023438e-03,7.822998046874999334e-01
1.311063766479492188e-03,7.798828124999999112e-01
1.418590545654296875e-03,7.758544921874999112e-01
1.498937606811523438e-03,7.750488281249999778e-01
1.568317413330078125e-03,7.710205078124999778e-01
1.652956008911132812e-03,7.702148437499999334e-01
1.747369766235351562e-03,7.653808593750000000e-01
1.822233200073242188e-03,7.621582031249999334e-01
1.890182495117187500e-03,7.605468749999999556e-01
1.976251602172851562e-03,7.565185546874999556e-01
2.077102661132812500e-03,7.557128906249999112e-01
2.161026000976562500e-03,7.524902343749999556e-01
2.231836318969726562e-03,7.444335937499999556e-01
2.320051193237304688e-03,7.395996093749999112e-01
2.393722534179687500e-03,7.387939453124999778e-01
2.463340759277343750e-03,7.339599609374999334e-01
2.547979354858398438e-03,7.339599609374999334e-01
2.650260925292968750e-03,7.315429687499999112e-01
2.771854400634765625e-03,7.242919921874999556e-01
2.850532531738281250e-03,7.178466796874999334e-01
2.917766571044921875e-03,7.178466796874999334e-01
2.985000610351562500e-03,7.138183593749999334e-01
3.067731857299804688e-03,7.065673828124999778e-01
3.168344497680664062e-03,7.025390624999999778e-01
3.254652023315429688e-03,7.009277343750000000e-01
3.337860107421875000e-03,6.977050781249999334e-01
3.407955169677734375e-03,6.968994140625000000e-01
3.602743148803710938e-03,6.904541015624999778e-01
3.692388534545898438e-03,6.832031249999999112e-01
3.762960433959960938e-03,6.759521484374999556e-01
3.855705261230468750e-03,6.727294921875000000e-01
3.929615020751953125e-03,6.695068359374999334e-01
3.999233245849609375e-03,6.687011718750000000e-01
4.066705703735351562e-03,6.630615234374999112e-01
4.132509231567382812e-03,6.598388671874999556e-01
4.199743270874023438e-03,6.590332031249999112e-01
4.270553588867187500e-03,6.525878906250000000e-01
4.341363906860351562e-03,6.485595703125000000e-01
4.408359527587890625e-03,6.485595703125000000e-01
4.479408264160156250e-03,6.453369140624999334e-01
4.580974578857421875e-03,6.453369140624999334e-01
4.691123962402343750e-03,6.356689453124999556e-01
4.782438278198242188e-03,6.276123046874999556e-01
4.851102828979492188e-03,6.251953124999999334e-01
4.923105239868164062e-03,6.251953124999999334e-01
4.990816116333007812e-03,6.187499999999999112e-01
5.078315734863281250e-03,6.147216796875000222e-01
5.154848098754882812e-03,6.106933593750000222e-01
5.222797393798828125e-03,6.098876953124999778e-01
5.292177200317382812e-03,6.042480468750000000e-01
5.382061004638671875e-03,6.002197265625000000e-01
5.459785461425781250e-03,5.937744140624999778e-01
5.541324615478515625e-03,5.897460937499999778e-01
5.613565444946289062e-03,5.905517578125000222e-01
5.700111389160156250e-03,5.833007812499999556e-01
5.772113800048828125e-03,5.808837890624999334e-01
5.844593048095703125e-03,5.736328124999999778e-01
5.915164947509765625e-03,5.728271484374999334e-01
6.009578704833984375e-03,5.696044921874999778e-01
6.085395812988281250e-03,5.623535156250000222e-01
6.154060363769531250e-03,5.599365234375000000e-01
6.241559982299804688e-03,5.518798828125000000e-01
6.317377090454101562e-03,5.486572265624999334e-01
6.386041641235351562e-03,5.494628906249999778e-01
6.453990936279296875e-03,5.430175781249999556e-01
6.522655487060546875e-03,5.357666015625000000e-01
6.620883941650390625e-03,5.349609374999999556e-01
6.695270538330078125e-03,5.317382812500000000e-01
6.763219833374023438e-03,5.244873046874999334e-01
6.834030151367187500e-03,5.212646484374999778e-01
6.902933120727539062e-03,5.140136718750000222e-01
6.991386413574218750e-03,5.148193359374999556e-01
7.062911987304687500e-03,5.124023437499999334e-01
7.143020629882812500e-03,5.051513671874999778e-01
7.212877273559570312e-03,5.011230468749999778e-01
7.294893264770507812e-03,5.011230468749999778e-01
7.401227951049804688e-03,4.938720703124999667e-01
7.472753524780273438e-03,4.866210937499999556e-01
7.537364959716796875e-03,4.850097656249999778e-01
7.601976394653320312e-03,4.842041015624999889e-01
7.666349411010742188e-03,4.761474609374999889e-01
7.733821868896484375e-03,4.745361328124999556e-01
7.799625396728515625e-03,4.737304687499999667e-01
7.891178131103515625e-03,4.672851562500000000e-01
7.963418960571289062e-03,4.632568359375000000e-01
8.031129837036132812e-03,4.576171874999999667e-01
8.095026016235351562e-03,4.560058593749999889e-01
8.159875869750976562e-03,4.519775390624999889e-01
8.225202560424804688e-03,4.463378906249999556e-01
8.293151855468750000e-03,4.463378906249999556e-01
8.359909057617187500e-03,4.382812499999999556e-01
8.471488952636718750e-03,4.366699218749999778e-01
8.537292480468750000e-03,4.294189453124999667e-01
8.624553680419921875e-03,4.253906249999999667e-01
8.692026138305664062e-03,4.253906249999999667e-01
8.758068084716796875e-03,4.189453125000000000e-01
8.825302124023437500e-03,4.149169921875000000e-01
8.890628814697265625e-03,4.149169921875000000e-01
8.955955505371093750e-03,4.076660156249999889e-01
9.022474288940429688e-03,4.012207031249999667e-01
9.103059768676757812e-03,4.012207031249999667e-01
9.483098983764648438e-03,3.802734374999999778e-01
9.568452835083007812e-03,3.770507812499999667e-01
9.637832641601562500e-03,3.697998046874999556e-01
9.702444076538085938e-03,3.665771484375000000e-01
9.767532348632812500e-03,3.665771484375000000e-01
9.832620620727539062e-03,3.601318359374999778e-01
9.898424148559570312e-03,3.528808593749999667e-01
9.977817535400390625e-03,3.528808593749999667e-01
1.004481315612792969e-02,3.496582031249999556e-01
1.011061668395996094e-02,3.440185546874999778e-01
1.017546653747558594e-02,3.383789062500000000e-01
1.023960113525390625e-02,3.383789062500000000e-01
1.030468940734863281e-02,3.319335937499999778e-01
1.037192344665527344e-02,3.287109374999999667e-01
1.043725013732910156e-02,3.287109374999999667e-01
1.050472259521484375e-02,3.222656250000000000e-01
1.056981086730957031e-02,3.174316406249999556e-01
1.063656806945800781e-02,3.174316406249999556e-01
1.070594787597656250e-02,3.182373046875000000e-01
1.077032089233398438e-02,3.117919921874999778e-01
1.083469390869140625e-02,3.077636718749999778e-01
1.089978218078613281e-02,3.029296874999999889e-01
1.096439361572265625e-02,3.005126953124999667e-01
1.104998588562011719e-02,2.972900390625000111e-01
1.112151145935058594e-02,2.900390625000000000e-01
1.118850708007812500e-02,2.900390625000000000e-01
1.125645637512207031e-02,2.860107421875000000e-01
1.134490966796875000e-02,2.835937499999999778e-01
1.141357421875000000e-02,2.771484375000000111e-01
1.147794723510742188e-02,2.771484375000000111e-01
1.154279708862304688e-02,2.731201171875000111e-01
1.160979270935058594e-02,2.666748046874999889e-01
1.167488098144531250e-02,2.658691406250000000e-01
1.174044609069824219e-02,2.626464843749999889e-01
1.180648803710937500e-02,2.562011718749999667e-01
1.187157630920410156e-02,2.553955078124999778e-01
1.193714141845703125e-02,2.513671874999999778e-01
1.200270652770996094e-02,2.481445312499999944e-01
1.209211349487304688e-02,2.481445312499999944e-01
1.216244697570800781e-02,2.408935546874999833e-01
1.222681999206542969e-02,2.384765624999999889e-01
1.229119300842285156e-02,2.312255859374999778e-01
1.236462593078613281e-02,2.312255859374999778e-01
1.243162155151367188e-02,2.288085937499999833e-01
1.249670982360839844e-02,2.239746093749999944e-01
1.256203651428222656e-02,2.191406249999999778e-01
1.262855529785156250e-02,2.183349609374999889e-01
1.269483566284179688e-02,2.135009765625000000e-01
1.276016235351562500e-02,2.102783203124999889e-01
1.282548904418945312e-02,2.094726562500000000e-01
1.290535926818847656e-02,2.030273437499999778e-01
1.297283172607421875e-02,2.006103515624999833e-01
1.303863525390625000e-02,2.006103515624999833e-01
1.310443878173828125e-02,1.965820312499999833e-01
1.317024230957031250e-02,1.933593750000000000e-01
1.323986053466796875e-02,1.933593750000000000e-01
1.331448554992675781e-02,1.861083984374999889e-01
1.340413093566894531e-02,1.820800781249999889e-01
1.352477073669433594e-02,1.796630859374999944e-01
1.360273361206054688e-02,1.756347656249999944e-01
1.366877555847167969e-02,1.699951171874999889e-01
1.373434066772460938e-02,1.651611328125000000e-01
1.380109786987304688e-02,1.651611328125000000e-01
1.386809349060058594e-02,1.651611328125000000e-01
1.393270492553710938e-02,1.619384765624999889e-01
1.399827003479003906e-02,1.579101562499999889e-01
1.407527923583984375e-02,1.587158203124999778e-01
1.414346694946289062e-02,1.546874999999999778e-01
1.420974731445312500e-02,1.482421874999999833e-01
1.427459716796875000e-02,1.442138671874999833e-01
1.435828208923339844e-02,1.434082031249999944e-01
1.442837715148925781e-02,1.409912109375000000e-01
1.449465751647949219e-02,1.369628906250000000e-01
1.456737518310546875e-02,1.377685546874999889e-01
1.463270187377929688e-02,1.337402343749999889e-01
1.470041275024414062e-02,1.305175781250000056e-01
1.476645469665527344e-02,1.272949218749999944e-01
1.483130455017089844e-02,1.264892578125000056e-01
1.489758491516113281e-02,1.240722656249999972e-01
1.496243476867675781e-02,1.208496093750000000e-01
1.503849029541015625e-02,1.200439453124999972e-01
1.510858535766601562e-02,1.160156249999999972e-01
1.517581939697265625e-02,1.135986328124999889e-01
1.524090766906738281e-02,1.135986328124999889e-01
1.530528068542480469e-02,1.095703124999999889e-01
1.539182662963867188e-02,1.055419921874999889e-01
1.545882225036621094e-02,1.039306640624999972e-01
1.552438735961914062e-02,1.031249999999999944e-01
1.558971405029296875e-02,9.909667968749999445e-02
1.565408706665039062e-02,9.506835937499999445e-02
1.571869850158691406e-02,9.506835937499999445e-02
1.578450202941894531e-02,9.184570312499999722e-02
1.584959030151367188e-02,8.942871093749998890e-02
1.591515541076660156e-02,8.862304687500000000e-02
1.598167419433593750e-02,8.540039062499998890e-02
1.605105400085449219e-02,8.137207031249998890e-02
1.611781120300292969e-02,8.217773437499999167e-02
1.618623733520507812e-02,7.814941406249999167e-02
1.627683639526367188e-02,7.573242187499999722e-02
1.634860038757324219e-02,7.492675781249999445e-02
1.641321182250976562e-02,7.492675781249999445e-02
1.647949218750000000e-02,7.089843749999999445e-02
1.654410362243652344e-02,6.687011718749999445e-02
1.660871505737304688e-02,6.687011718749999445e-02
1.667451858520507812e-02,6.364746093749999722e-02
1.673936843872070312e-02,6.123046874999999584e-02
1.680350303649902344e-02,6.123046874999999584e-02
1.686763763427734375e-02,6.042480468750000000e-02
1.693224906921386719e-02,6.042480468750000000e-02
1.699638366699218750e-02,5.720214843749999584e-02
1.706123352050781250e-02,5.397949218749999861e-02
1.712608337402343750e-02,5.317382812499999584e-02
1.719164848327636719e-02,4.995117187499999861e-02
1.725792884826660156e-02,4.914550781249999584e-02
1.734256744384765625e-02,5.075683593749999445e-02
1.740932464599609375e-02,4.672851562499999445e-02
1.747441291809082031e-02,4.270019531249999445e-02
1.754117012023925781e-02,4.270019531249999445e-02
1.760721206665039062e-02,4.350585937499999722e-02
1.767230033874511719e-02,3.867187499999999445e-02
1.773786544799804688e-02,3.867187499999999445e-02
1.780200004577636719e-02,3.947753906249999722e-02
1.786661148071289062e-02,3.706054687499999584e-02
1.793122291564941406e-02,3.706054687499999584e-02
1.799821853637695312e-02,3.625488281250000000e-02
1.807880401611328125e-02,3.222656250000000000e-02
1.815867424011230469e-02,2.819824218750000000e-02
1.828932762145996094e-02,2.819824218750000000e-02
1.836562156677246094e-02,2.578124999999999861e-02
1.843357086181640625e-02,2.578124999999999861e-02
1.850986480712890625e-02,2.578124999999999861e-02
1.857638359069824219e-02,2.497558593749999931e-02
1.864480972290039062e-02,2.175292968749999861e-02
1.871299743652343750e-02,2.175292968749999861e-02
1.877808570861816406e-02,2.175292968749999861e-02
1.885962486267089844e-02,1.853027343749999792e-02
1.892805099487304688e-02,1.772460937499999861e-02
1.899337768554687500e-02,1.772460937499999861e-02
1.905894279479980469e-02,1.772460937499999861e-02
1.912379264831542969e-02,1.530761718749999896e-02
1.918959617614746094e-02,1.530761718749999896e-02
1.925492286682128906e-02,1.530761718749999896e-02
1.932096481323242188e-02,1.450195312499999965e-02
1.938915252685546875e-02,1.450195312499999965e-02
1.945638656616210938e-02,1.127929687499999896e-02
1.952338218688964844e-02,1.127929687499999896e-02
1.960182189941406250e-02,1.208496093750000000e-02
1.967310905456542969e-02,1.208496093750000000e-02
1.974153518676757812e-02,1.208496093750000000e-02
1.980662345886230469e-02,8.862304687499999306e-03
1.987075805664062500e-02,8.862304687499999306e-03
1.994705200195312500e-02,8.862304687499999306e-03
2.001357078552246094e-02,8.862304687499999306e-03
2.007913589477539062e-02,8.056640625000000000e-03
2.014493942260742188e-02,8.056640625000000000e-03
2.021050453186035156e-02,8.862304687499999306e-03
2.028536796569824219e-02,8.056640625000000000e-03
2.035164833068847656e-02,8.056640625000000000e-03
2.041625976562500000e-02,8.862304687499999306e-03
2.048206329345703125e-02,8.056640625000000000e-03
2.055025100708007812e-02,8.862304687499999306e-03
2.061867713928222656e-02,8.056640625000000000e-03
2.068710327148437500e-02,8.862304687499999306e-03
2.077150344848632812e-02,8.862304687499999306e-03
2.084994316101074219e-02,8.056640625000000000e-03
2.092695236206054688e-02,8.862304687499999306e-03
2.100467681884765625e-02,8.862304687499999306e-03
2.107095718383789062e-02,1.127929687499999896e-02
2.113676071166992188e-02,1.047363281249999965e-02
2.120256423950195312e-02,1.127929687499999896e-02
2.126765251159667969e-02,1.127929687499999896e-02
2.133393287658691406e-02,1.127929687499999896e-02
2.139949798583984375e-02,1.127929687499999896e-02
2.146673202514648438e-02,1.450195312499999965e-02
2.153563499450683594e-02,1.530761718749999896e-02
2.160143852233886719e-02,1.450195312499999965e-02
2.166771888732910156e-02,1.450195312499999965e-02
2.173185348510742188e-02,1.530761718749999896e-02
2.181053161621093750e-02,1.772460937499999861e-02
2.188754081726074219e-02,1.772460937499999861e-02
2.196359634399414062e-02,1.853027343749999792e-02
2.203965187072753906e-02,1.772460937499999861e-02
2.211618423461914062e-02,2.175292968749999861e-02
2.219200134277343750e-02,2.175292968749999861e-02
2.226996421813964844e-02,2.578124999999999861e-02
2.234530448913574219e-02,2.578124999999999861e-02
2.242040634155273438e-02,2.578124999999999861e-02
2.249765396118164062e-02,2.578124999999999861e-02
2.257347106933593750e-02,2.819824218750000000e-02
2.264904975891113281e-02,2.900390624999999931e-02
2.272677421569824219e-02,2.900390624999999931e-02
2.280330657958984375e-02,3.222656250000000000e-02
2.287888526916503906e-02,3.625488281250000000e-02
2.295398712158203125e-02,3.625488281250000000e-02
2.302932739257812500e-02,3.867187499999999445e-02
2.313303947448730469e-02,3.867187499999999445e-02
2.320671081542968750e-02,3.947753906249999722e-02
2.328205108642578125e-02,4.270019531249999445e-02
2.335739135742187500e-02,4.270019531249999445e-02
2.343249320983886719e-02,4.270019531249999445e-02
2.354407310485839844e-02,4.753417968749999722e-02
2.361083030700683594e-02,4.995117187499999861e-02
2.368640899658203125e-02,4.914550781249999584e-02
2.376198768615722656e-02,5.397949218749999861e-02
2.383708953857421875e-02,5.317382812499999584e-02
2.391219139099121094e-02,5.720214843749999584e-02
2.398753166198730469e-02,6.042480468750000000e-02
2.406263351440429688e-02,6.123046874999999584e-02
2.413725852966308594e-02,6.123046874999999584e-02
2.421307563781738281e-02,6.445312500000000000e-02
2.428841590881347656e-02,6.687011718749999445e-02
2.436351776123046875e-02,7.089843749999999445e-02
2.443861961364746094e-02,7.170410156249999722e-02
2.451395988464355469e-02,7.492675781249999445e-02
2.459692955017089844e-02,7.573242187499999722e-02
2.467107772827148438e-02,7.734374999999998890e-02
2.483701705932617188e-02,8.620605468749999167e-02
2.491283416748046875e-02,8.701171874999999445e-02
2.498865127563476562e-02,8.781738281249999722e-02
2.506351470947265625e-02,9.265136718750000000e-02
2.513909339904785156e-02,9.587402343749999722e-02
2.521467208862304688e-02,9.506835937499999445e-02
2.529025077819824219e-02,9.909667968749999445e-02
2.536535263061523438e-02,1.031249999999999944e-01
2.544093132019042969e-02,1.055419921874999889e-01
2.551603317260742188e-02,1.095703124999999889e-01
2.559113502502441406e-02,1.087646484375000000e-01
2.566623687744140625e-02,1.127929687500000000e-01
2.574133872985839844e-02,1.168212890625000000e-01
2.581691741943359375e-02,1.200439453124999972e-01
2.589225769042968750e-02,1.208496093750000000e-01
2.596783638000488281e-02,1.240722656249999972e-01
2.604269981384277344e-02,1.264892578125000056e-01
2.611851692199707031e-02,1.305175781250000056e-01
2.619385719299316406e-02,1.313232421874999944e-01
2.626872062683105469e-02,1.329345703125000000e-01
2.634477615356445312e-02,1.353515624999999944e-01
2.642011642456054688e-02,1.369628906250000000e-01
2.649569511413574219e-02,1.409912109375000000e-01
2.657079696655273438e-02,1.442138671874999833e-01
2.664589881896972656e-02,1.482421874999999833e-01
2.672123908996582031e-02,1.482421874999999833e-01
2.679657936096191406e-02,1.546874999999999778e-01
2.687144279479980469e-02,1.587158203124999778e-01
2.694630622863769531e-02,1.619384765624999889e-01
2.702164649963378906e-02,1.619384765624999889e-01
2.709746360778808594e-02,1.651611328125000000e-01
2.717280387878417969e-02,1.691894531250000000e-01
2.724814414978027344e-02,1.764404296874999833e-01
2.732324600219726562e-02,1.780517578124999889e-01
2.739953994750976562e-02,1.804687499999999833e-01
2.747511863708496094e-02,1.820800781249999889e-01
2.755022048950195312e-02,1.861083984374999889e-01
2.762556076049804688e-02,1.933593750000000000e-01
2.770090103149414062e-02,1.933593750000000000e-01
2.777576446533203125e-02,1.965820312499999833e-01
2.785086631774902344e-02,2.014160156250000000e-01
2.792692184448242188e-02,2.030273437499999778e-01
2.800679206848144531e-02,2.038330078124999944e-01
2.808976173400878906e-02,2.094726562500000000e-01
2.816486358642578125e-02,2.135009765625000000e-01
2.824020385742187500e-02,2.183349609374999889e-01
2.831697463989257812e-02,2.247802734374999833e-01
2.839732170104980469e-02,2.247802734374999833e-01
2.846336364746093750e-02,2.288085937499999833e-01
2.854490280151367188e-02,2.312255859374999778e-01
2.862405776977539062e-02,2.384765624999999889e-01
2.870225906372070312e-02,2.416992187500000000e-01
2.878046035766601562e-02,2.416992187500000000e-01
2.884578704833984375e-02,2.481445312499999944e-01
2.892255783081054688e-02,2.513671874999999778e-01
2.900052070617675781e-02,2.562011718749999667e-01
2.908062934875488281e-02,2.562011718749999667e-01
2.916049957275390625e-02,2.626464843749999889e-01
2.923798561096191406e-02,2.666748046874999889e-01
2.931451797485351562e-02,2.731201171875000111e-01
2.939009666442871094e-02,2.731201171875000111e-01
2.946782112121582031e-02,2.763427734374999667e-01
2.954554557800292969e-02,2.835937499999999778e-01
2.962565422058105469e-02,2.868164062499999889e-01
2.970337867736816406e-02,2.868164062499999889e-01
2.977943420410156250e-02,2.908447265624999889e-01
2.985882759094238281e-02,2.964843749999999667e-01
2.993679046630859375e-02,3.005126953124999667e-01
3.002047538757324219e-02,3.069580078124999889e-01
3.009843826293945312e-02,3.069580078124999889e-01
3.017735481262207031e-02,3.109863281249999889e-01
3.025746345520019531e-02,3.174316406249999556e-01
3.033328056335449219e-02,3.222656250000000000e-01
3.041481971740722656e-02,3.279052734374999778e-01
3.048205375671386719e-02,3.287109374999999667e-01
3.056168556213378906e-02,3.319335937499999778e-01
3.063654899597167969e-02,3.391845703124999889e-01
3.071165084838867188e-02,3.424072265625000000e-01
3.078722953796386719e-02,3.432128906249999889e-01
3.086185455322265625e-02,3.488525390624999667e-01
3.093719482421875000e-02,3.528808593749999667e-01
3.101253509521484375e-02,3.601318359374999778e-01
3.108739852905273438e-02,3.665771484375000000e-01
3.116226196289062500e-02,3.665771484375000000e-01
3.123688697814941406e-02,3.706054687500000000e-01
3.131151199340820312e-02,3.770507812499999667e-01
3.138685226440429688e-02,3.802734374999999778e-01
3.146123886108398438e-02,3.802734374999999778e-01
3.153777122497558594e-02,3.867187500000000000e-01
3.161311149597167969e-02,3.915527343749999889e-01
3.168845176696777344e-02,3.979980468749999556e-01
3.176379203796386719e-02,3.979980468749999556e-01
3.184008598327636719e-02,4.004150390624999778e-01
3.191542625427246094e-02,4.084716796874999778e-01
3.199100494384765625e-02,4.141113281249999556e-01
3.206610679626464844e-02,4.189453125000000000e-01
3.214144706726074219e-02,4.181396484374999556e-01
3.221654891967773438e-02,4.253906249999999667e-01
3.229117393493652344e-02,4.294189453124999667e-01
3.236627578735351562e-02,4.358642578124999889e-01
3.244066238403320312e-02,4.358642578124999889e-01
3.251552581787109375e-02,4.382812499999999556e-01
3.259110450744628906e-02,4.390869140625000000e-01
3.266620635986328125e-02,4.471435546875000000e-01
3.274130821228027344e-02,4.527832031249999778e-01
3.281569480895996094e-02,4.568115234374999778e-01
3.289079666137695312e-02,4.632568359375000000e-01
3.296566009521484375e-02,4.632568359375000000e-01
3.304100036621093750e-02,4.672851562500000000e-01
3.311562538146972656e-02,4.737304687499999667e-01
3.319025039672851562e-02,4.769531249999999778e-01
3.326487541198730469e-02,4.769531249999999778e-01
3.333401679992675781e-02,4.842041015624999889e-01
3.339910507202148438e-02,4.874267578125000000e-01
3.346443176269531250e-02,4.866210937499999556e-01
3.358221054077148438e-02,5.011230468749999778e-01
3.365182876586914062e-02,5.019287109375000222e-01
3.371691703796386719e-02,5.051513671874999778e-01
3.378105163574218750e-02,5.115966796875000000e-01
3.384590148925781250e-02,5.124023437499999334e-01
3.392457962036132812e-02,5.140136718750000222e-01
3.400087356567382812e-02,5.220703125000000222e-01
3.407621383666992188e-02,5.244873046874999334e-01
3.415179252624511719e-02,5.252929687499999778e-01
3.422737121582031250e-02,5.317382812500000000e-01
3.430342674255371094e-02,5.349609374999999556e-01
3.437876701354980469e-02,5.430175781249999556e-01
3.445458412170410156e-02,5.478515625000000000e-01
3.460192680358886719e-02,5.502685546875000222e-01
3.468084335327148438e-02,5.599365234375000000e-01
3.475713729858398438e-02,5.623535156250000222e-01
3.483271598815917969e-02,5.623535156250000222e-01
3.490877151489257812e-02,5.696044921874999778e-01
3.498411178588867188e-02,5.736328124999999778e-01
3.506040573120117188e-02,5.800781250000000000e-01
3.513073921203613281e-02,5.824951171875000222e-01
3.520703315734863281e-02,5.824951171875000222e-01
3.528261184692382812e-02,5.897460937499999778e-01
3.535795211791992188e-02,5.937744140624999778e-01
3.543376922607421875e-02,6.002197265625000000e-01
3.550958633422851562e-02,6.002197265625000000e-01
3.558516502380371094e-02,6.042480468750000000e-01
3.566098213195800781e-02,6.042480468750000000e-01
3.573751449584960938e-02,6.106933593750000222e-01
3.581333160400390625e-02,6.147216796875000222e-01
3.588891029357910156e-02,6.187499999999999112e-01
3.596472740173339844e-02,6.179443359374999778e-01
3.604030609130859375e-02,6.243896484375000000e-01
3.611588478088378906e-02,6.276123046874999556e-01
3.618073463439941406e-02,6.356689453124999556e-01
3.625583648681640625e-02,6.348632812499999112e-01
3.633141517639160156e-02,6.380859374999999778e-01
3.640699386596679688e-02,6.453369140624999334e-01
3.648209571838378906e-02,6.493652343749999334e-01
3.655767440795898438e-02,6.525878906250000000e-01
3.663349151611328125e-02,6.525878906250000000e-01
3.670883178710937500e-02,6.590332031249999112e-01
3.678464889526367188e-02,6.622558593749999778e-01
3.686046600341796875e-02,6.687011718750000000e-01
3.693628311157226562e-02,6.695068359374999334e-01
3.701162338256835938e-02,6.727294921875000000e-01
3.708672523498535156e-02,6.767578125000000000e-01
3.716230392456054688e-02,6.832031249999999112e-01
3.722715377807617188e-02,6.840087890624999556e-01
3.730154037475585938e-02,6.864257812499999778e-01
3.737711906433105469e-02,6.896484374999999334e-01
3.745245933532714844e-02,6.960937499999999556e-01
3.752827644348144531e-02,6.968994140625000000e-01
3.760385513305664062e-02,7.009277343750000000e-01
3.767943382263183594e-02,7.025390624999999778e-01
3.775501251220703125e-02,7.073730468749999112e-01
3.783130645751953125e-02,7.130126953125000000e-01
3.790712356567382812e-02,7.138183593749999334e-01
3.798246383666992188e-02,7.170410156250000000e-01
3.805828094482421875e-02,7.218749999999999334e-01
3.813385963439941406e-02,7.242919921874999556e-01
3.820967674255371094e-02,7.242919921874999556e-01
3.827476501464843750e-02,7.323486328124999556e-01
3.834939002990722656e-02,7.347656249999999778e-01
3.842568397521972656e-02,7.379882812499999334e-01
3.850150108337402344e-02,7.379882812499999334e-01
3.857707977294921875e-02,7.420166015624999334e-01
3.865242004394531250e-02,7.444335937499999556e-01
3.872823715209960938e-02,7.516845703124999112e-01
3.880381584167480469e-02,7.516845703124999112e-01
3.887033462524414062e-02,7.565185546874999556e-01
3.893756866455078125e-02,7.557128906249999112e-01
3.900480270385742188e-02,7.597412109374999112e-01
3.907990455627441406e-02,7.613525390625000000e-01
3.914666175842285156e-02,7.661865234374999334e-01
3.921198844909667969e-02,7.661865234374999334e-01
3.927636146545410156e-02,7.702148437499999334e-01
3.934073448181152344e-02,7.726318359374999556e-01
3.941869735717773438e-02,7.726318359374999556e-01
3.949809074401855469e-02,7.766601562499999556e-01
3.957462310791015625e-02,7.790771484374999778e-01
3.964114189147949219e-02,7.822998046874999334e-01
3.971743583679199219e-02,7.822998046874999334e-01
3.979444503784179688e-02,7.855224609375000000e-01
3.987193107604980469e-02,7.887451171874999556e-01
3.995013236999511719e-02,7.927734374999999556e-01
4.002785682678222656e-02,7.976074218750000000e-01
4.010391235351562500e-02,7.959960937499999112e-01
4.018163681030273438e-02,8.000244140624999112e-01
4.026079177856445312e-02,8.032470703124999778e-01
4.034185409545898438e-02,8.064697265624999334e-01
4.042124748229980469e-02,8.088867187499999556e-01
4.050350189208984375e-02,8.104980468749999334e-01
4.058647155761718750e-02,8.137207031250000000e-01
4.066872596740722656e-02,8.161376953124999112e-01
4.074025154113769531e-02,8.201660156249999112e-01
4.107260704040527344e-02,8.241943359374999112e-01
4.117631912231445312e-02,8.298339843750000000e-01
4.124474525451660156e-02,8.346679687499999334e-01
4.132628440856933594e-02,8.370849609374999556e-01
4.139328002929687500e-02,8.362792968749999112e-01
4.147243499755859375e-02,8.370849609374999556e-01
4.155302047729492188e-02,8.403076171874999112e-01
4.162096977233886719e-02,8.451416015624999556e-01
4.169702529907226562e-02,8.467529296874999334e-01
4.177403450012207031e-02,8.475585937499999778e-01
4.184937477111816406e-02,8.467529296874999334e-01
4.192519187927246094e-02,8.475585937499999778e-01
4.200100898742675781e-02,8.499755859375000000e-01
4.207706451416015625e-02,8.540039062500000000e-01
4.215264320373535156e-02,8.531982421874999556e-01
4.222822189331054688e-02,8.572265624999999556e-01
4.230380058288574219e-02,8.572265624999999556e-01
4.237961769104003906e-02,8.572265624999999556e-01
4.245543479919433594e-02,8.620605468750000000e-01
4.253125190734863281e-02,8.612548828124999556e-01
4.260659217834472656e-02,8.612548828124999556e-01
4.269242286682128906e-02,8.644775390624999112e-01
4.276776313781738281e-02,8.677001953124999778e-01
4.284381866455078125e-02,8.677001953124999778e-01
4.291892051696777344e-02,8.717285156249999778e-01
4.299473762512207031e-02,8.709228515624999334e-01
4.307150840759277344e-02,8.717285156249999778e-01
4.314708709716796875e-02,8.709228515624999334e-01
4.322266578674316406e-02,8.749511718749999334e-01
4.329848289489746094e-02,8.741455078125000000e-01
4.337430000305175781e-02,8.749511718749999334e-01
4.344987869262695312e-02,8.781738281250000000e-01
4.359340667724609375e-02,8.773681640624999556e-01
4.366993904113769531e-02,8.773681640624999556e-01
4.374504089355468750e-02,8.813964843749999556e-01
4.381990432739257812e-02,8.822021484375000000e-01
4.389452934265136719e-02,8.822021484375000000e-01
4.396963119506835938e-02,8.822021484375000000e-01
4.404473304748535156e-02,8.846191406249999112e-01
4.412007331848144531e-02,8.846191406249999112e-01
4.419541358947753906e-02,8.846191406249999112e-01
4.427146911621093750e-02,8.838134765624999778e-01
4.434680938720703125e-02,8.854248046874999556e-01
4.442620277404785156e-02,8.878417968749999778e-01
4.450678825378417969e-02,8.886474609374999112e-01
4.459047317504882812e-02,8.878417968749999778e-01
4.466295242309570312e-02,8.886474609374999112e-01
4.473447799682617188e-02,8.886474609374999112e-01
4.480314254760742188e-02,8.886474609374999112e-01
4.488301277160644531e-02,8.886474609374999112e-01
4.496669769287109375e-02,8.886474609374999112e-01
4.504489898681640625e-02,8.886474609374999112e-01
4.512071609497070312e-02,8.886474609374999112e-01
4.519414901733398438e-02,8.878417968749999778e-01
4.527044296264648438e-02,8.886474609374999112e-01
4.534649848937988281e-02,8.886474609374999112e-01
4.542303085327148438e-02,8.886474609374999112e-01
4.550027847290039062e-02,8.878417968749999778e-01
4.557752609252929688e-02,8.886474609374999112e-01
4.565644264221191406e-02,8.886474609374999112e-01
4.573583602905273438e-02,8.886474609374999112e-01
4.581212997436523438e-02,8.886474609374999112e-01
4.588794708251953125e-02,8.886474609374999112e-01
4.596400260925292969e-02,8.878417968749999778e-01
4.603219032287597656e-02,8.886474609374999112e-01
4.610013961791992188e-02,8.886474609374999112e-01
4.616641998291015625e-02,8.878417968749999778e-01
4.623436927795410156e-02,8.878417968749999778e-01
4.630088806152343750e-02,8.878417968749999778e-01
4.636979103088378906e-02,8.886474609374999112e-01
4.643630981445312500e-02,8.846191406249999112e-01
4.655194282531738281e-02,8.838134765624999778e-01
4.663252830505371094e-02,8.838134765624999778e-01
4.670953750610351562e-02,8.846191406249999112e-01
4.678606986999511719e-02,8.838134765624999778e-01
4.686236381530761719e-02,8.822021484375000000e-01
4.693841934204101562e-02,8.805908203124999112e-01
4.701447486877441406e-02,8.813964843749999556e-01
4.709267616271972656e-02,8.822021484375000000e-01
4.716968536376953125e-02,8.781738281250000000e-01
4.724836349487304688e-02,8.781738281250000000e-01
4.732227325439453125e-02,8.781738281250000000e-01
4.739880561828613281e-02,8.765624999999999112e-01
4.747462272644042969e-02,8.749511718749999334e-01
4.754137992858886719e-02,8.733398437499999556e-01
4.763484001159667969e-02,8.717285156249999778e-01
4.770040512084960938e-02,8.725341796874999112e-01
4.776835441589355469e-02,8.725341796874999112e-01
4.784202575683593750e-02,8.709228515624999334e-01
4.790902137756347656e-02,8.685058593749999112e-01
4.799509048461914062e-02,8.677001953124999778e-01
4.807853698730468750e-02,8.677001953124999778e-01
4.815673828125000000e-02,8.644775390624999112e-01
4.823255538940429688e-02,8.612548828124999556e-01
4.831004142761230469e-02,8.612548828124999556e-01
4.838562011718750000e-02,8.612548828124999556e-01
4.846239089965820312e-02,8.580322265625000000e-01
4.854130744934082031e-02,8.580322265625000000e-01
4.861831665039062500e-02,8.572265624999999556e-01
4.869556427001953125e-02,8.540039062500000000e-01
4.877519607543945312e-02,8.531982421874999556e-01
4.885125160217285156e-02,8.507812499999999334e-01
4.892635345458984375e-02,8.467529296874999334e-01
4.900240898132324219e-02,8.475585937499999778e-01
4.907011985778808594e-02,8.475585937499999778e-01
4.913806915283203125e-02,8.443359374999999112e-01
4.922771453857421875e-02,8.403076171874999112e-01
4.930973052978515625e-02,8.370849609374999556e-01
4.938530921936035156e-02,8.370849609374999556e-01
4.946112632751464844e-02,8.370849609374999556e-01
4.953908920288085938e-02,8.338623046875000000e-01
4.961514472961425781e-02,8.306396484374999334e-01
4.969191551208496094e-02,8.298339843750000000e-01
4.976749420166015625e-02,8.258056640625000000e-01
4.984378814697265625e-02,8.241943359374999112e-01
4.992175102233886719e-02,8.241943359374999112e-01
5.000281333923339844e-02,8.209716796874999556e-01
5.008077621459960938e-02,8.193603515624999778e-01
5.015778541564941406e-02,8.153320312499999778e-01
5.023503303527832031e-02,8.129150390624999556e-01
5.031251907348632812e-02,8.096923828125000000e-01
5.038857460021972656e-02,8.064697265624999334e-01
5.046224594116210938e-02,8.072753906249999778e-01
5.053687095642089844e-02,8.032470703124999778e-01
5.061602592468261719e-02,8.000244140624999112e-01
5.069255828857421875e-02,7.959960937499999112e-01
5.076813697814941406e-02,7.959960937499999112e-01
5.084419250488281250e-02,7.927734374999999556e-01
5.091214179992675781e-02,7.887451171874999556e-01
5.097746849060058594e-02,7.863281249999999334e-01
5.104660987854003906e-02,7.855224609375000000e-01
5.111694335937500000e-02,7.831054687499999778e-01
5.118608474731445312e-02,7.782714843749999334e-01
5.126905441284179688e-02,7.790771484374999778e-01
5.135178565979003906e-02,7.766601562499999556e-01
5.142951011657714844e-02,7.718261718749999112e-01
5.150747299194335938e-02,7.702148437499999334e-01
5.158329010009765625e-02,7.702148437499999334e-01
5.165934562683105469e-02,7.653808593750000000e-01
5.173516273498535156e-02,7.629638671874999778e-01
5.181217193603515625e-02,7.589355468749999778e-01
5.189037322998046875e-02,7.597412109374999112e-01
5.196928977966308594e-02,7.549072265624999778e-01
5.203628540039062500e-02,7.516845703124999112e-01
5.211377143859863281e-02,7.452392578125000000e-01
5.219006538391113281e-02,7.412109375000000000e-01
5.226516723632812500e-02,7.420166015624999334e-01
5.234169960021972656e-02,7.379882812499999334e-01
5.240988731384277344e-02,7.347656249999999778e-01
5.250167846679687500e-02,7.315429687499999112e-01
5.256915092468261719e-02,7.250976562500000000e-01
5.263543128967285156e-02,7.242919921874999556e-01
5.270123481750488281e-02,7.218749999999999334e-01
5.276632308959960938e-02,7.170410156250000000e-01
5.285668373107910156e-02,7.178466796874999334e-01
5.293369293212890625e-02,7.146240234374999778e-01
5.301260948181152344e-02,7.073730468749999112e-01
5.308985710144042969e-02,7.033447265624999112e-01
5.316495895385742188e-02,7.009277343750000000e-01
5.324101448059082031e-02,7.009277343750000000e-01
5.331420898437500000e-02,6.960937499999999556e-01
5.338764190673828125e-02,6.904541015624999778e-01
5.346465110778808594e-02,6.872314453124999112e-01
5.356931686401367188e-02,6.840087890624999556e-01
5.364942550659179688e-02,6.840087890624999556e-01
5.372738838195800781e-02,6.751464843749999112e-01
5.380320549011230469e-02,6.727294921875000000e-01
5.386757850646972656e-02,6.695068359374999334e-01
5.393481254577636719e-02,6.670898437499999112e-01
5.400061607360839844e-02,6.622558593749999778e-01
5.406856536865234375e-02,6.590332031249999112e-01
5.413913726806640625e-02,6.525878906250000000e-01
5.420470237731933594e-02,6.533935546874999334e-01
5.427169799804687500e-02,6.477539062499999556e-01
5.437612533569335938e-02,6.477539062499999556e-01
5.446195602416992188e-02,6.453369140624999334e-01
5.452728271484375000e-02,6.388916015624999112e-01
5.459523200988769531e-02,6.356689453124999556e-01
5.466127395629882812e-02,6.356689453124999556e-01
5.472731590270996094e-02,6.276123046874999556e-01
5.479407310485839844e-02,6.243896484375000000e-01
5.487704277038574219e-02,6.251953124999999334e-01
5.494713783264160156e-02,6.187499999999999112e-01
5.502653121948242188e-02,6.139160156249999778e-01
5.509495735168457031e-02,6.098876953124999778e-01
5.517053604125976562e-02,6.042480468750000000e-01
5.524706840515136719e-02,6.042480468750000000e-01
5.531454086303710938e-02,6.002197265625000000e-01
5.539035797119140625e-02,5.929687499999999334e-01
5.547094345092773438e-02,5.897460937499999778e-01
5.554938316345214844e-02,5.905517578125000222e-01
5.562901496887207031e-02,5.833007812499999556e-01
5.570983886718750000e-02,5.792724609374999556e-01
5.579161643981933594e-02,5.728271484374999334e-01
5.585861206054687500e-02,5.696044921874999778e-01
5.594182014465332031e-02,5.704101562500000222e-01
5.602455139160156250e-02,5.623535156250000222e-01
5.608987808227539062e-02,5.599365234375000000e-01
5.615901947021484375e-02,5.518798828125000000e-01
5.622720718383789062e-02,5.518798828125000000e-01
5.630660057067871094e-02,5.494628906249999778e-01
5.638432502746582031e-02,5.430175781249999556e-01
5.646204948425292969e-02,5.349609374999999556e-01
5.653786659240722656e-02,5.333496093749999778e-01
5.661535263061523438e-02,5.333496093749999778e-01
5.677986145019531250e-02,5.236816406250000000e-01
5.685949325561523438e-02,5.156250000000000000e-01
5.693507194519042969e-02,5.124023437499999334e-01
5.701160430908203125e-02,5.132080078124999778e-01
5.708718299865722656e-02,5.059570312500000222e-01
5.715203285217285156e-02,5.027343749999999556e-01
5.722689628601074219e-02,4.954833984375000000e-01
5.730295181274414062e-02,4.962890624999999889e-01
5.742549896240234375e-02,4.890380859374999778e-01
5.749320983886718750e-02,4.858154296874999667e-01
5.757594108581542969e-02,4.777587890624999667e-01
5.773043632507324219e-02,4.753417968750000000e-01
5.781388282775878906e-02,4.688964843749999778e-01
5.790853500366210938e-02,4.648681640624999778e-01
5.798482894897460938e-02,4.576171874999999667e-01
5.806088447570800781e-02,4.543945312499999556e-01
5.813646316528320312e-02,4.543945312499999556e-01
5.820155143737792969e-02,4.479492187499999889e-01
5.827617645263671875e-02,4.406982421874999778e-01
5.835199356079101562e-02,4.374755859374999667e-01
5.845832824707031250e-02,4.310302734375000000e-01
5.853390693664550781e-02,4.310302734375000000e-01
5.860996246337890625e-02,4.270019531250000000e-01
5.868530273437500000e-02,4.205566406249999778e-01
5.876111984252929688e-02,4.165283203124999778e-01
5.885791778564453125e-02,4.092773437499999667e-01
5.893540382385253906e-02,4.020263671874999556e-01
5.901122093200683594e-02,4.020263671874999556e-01
5.908656120300292969e-02,3.996093749999999889e-01
5.916142463684082031e-02,3.931640624999999667e-01
5.923771858215332031e-02,3.891357421874999667e-01
5.933237075805664062e-02,3.883300781249999778e-01
5.940890312194824219e-02,3.826904296875000000e-01
5.948472023010253906e-02,3.778564453124999556e-01
5.956053733825683594e-02,3.722167968749999778e-01
5.963659286499023438e-02,3.681884765624999778e-01
5.971240997314453125e-02,3.617431640624999556e-01
5.981373786926269531e-02,3.609374999999999667e-01
5.988430976867675781e-02,3.544921875000000000e-01
5.995965003967285156e-02,3.512695312499999889e-01
6.002759933471679688e-02,3.440185546874999778e-01
6.010055541992187500e-02,3.407958984374999667e-01
6.016921997070312500e-02,3.407958984374999667e-01
6.023645401000976562e-02,3.343505859375000000e-01
6.034803390502929688e-02,3.303222656250000000e-01
6.043577194213867188e-02,3.230712890624999889e-01
6.050825119018554688e-02,3.190429687499999889e-01
6.058335304260253906e-02,3.190429687499999889e-01
6.066012382507324219e-02,3.125976562499999667e-01
6.073784828186035156e-02,3.093749999999999556e-01
6.085157394409179688e-02,3.021240234375000000e-01
6.093144416809082031e-02,3.021240234375000000e-01
6.100797653198242188e-02,2.989013671874999889e-01
6.107521057128906250e-02,2.916503906249999778e-01
6.115388870239257812e-02,2.876220703124999778e-01
6.122159957885742188e-02,2.852050781250000111e-01
6.131911277770996094e-02,2.843994140624999667e-01
6.139731407165527344e-02,2.787597656249999889e-01
6.146287918090820312e-02,2.747314453124999889e-01
6.153869628906250000e-02,2.682861328124999667e-01
6.160473823547363281e-02,2.642578124999999667e-01
6.167149543762207031e-02,2.626464843749999889e-01
6.178855895996093750e-02,2.553955078124999778e-01
6.186556816101074219e-02,2.521728515624999667e-01
6.193780899047851562e-02,2.473388671874999778e-01
6.200456619262695312e-02,2.416992187500000000e-01
6.206941604614257812e-02,2.416992187500000000e-01
6.216859817504882812e-02,2.384765624999999889e-01
6.225824356079101562e-02,2.312255859374999778e-01
6.236052513122558594e-02,2.280029296874999944e-01
6.242632865905761719e-02,2.247802734374999833e-01
6.250309944152832031e-02,2.175292968750000000e-01
6.257987022399902344e-02,2.175292968750000000e-01
6.264615058898925781e-02,2.135009765625000000e-01
6.272292137145996094e-02,2.094726562500000000e-01
6.279063224792480469e-02,2.030273437499999778e-01
6.286764144897460938e-02,2.030273437499999778e-01
6.294393539428710938e-02,2.006103515624999833e-01
6.302094459533691406e-02,1.965820312499999833e-01
6.309795379638671875e-02,1.925537109374999833e-01
6.317400932312011719e-02,1.925537109374999833e-01
6.325006484985351562e-02,1.861083984374999889e-01
6.332612037658691406e-02,1.820800781249999889e-01
6.340360641479492188e-02,1.796630859374999944e-01
6.351923942565917969e-02,1.756347656249999944e-01
6.359815597534179688e-02,1.691894531250000000e-01
6.367397308349609375e-02,1.651611328125000000e-01
6.375002861022949219e-02,1.659667968749999889e-01
6.382608413696289062e-02,1.619384765624999889e-01
6.390094757080078125e-02,1.619384765624999889e-01
6.397724151611328125e-02,1.579101562499999889e-01
6.404995918273925781e-02,1.546874999999999778e-01
6.412672996520996094e-02,1.474365234374999944e-01
6.420207023620605469e-02,1.466308593750000056e-01
6.427764892578125000e-02,1.442138671874999833e-01
6.435346603393554688e-02,1.409912109375000000e-01
6.442832946777343750e-02,1.369628906250000000e-01
6.450343132019042969e-02,1.337402343749999889e-01
6.457901000976562500e-02,1.337402343749999889e-01
6.465411186218261719e-02,1.305175781250000056e-01
6.473135948181152344e-02,1.272949218749999944e-01
6.480598449707031250e-02,1.240722656249999972e-01
6.488156318664550781e-02,1.240722656249999972e-01
6.495690345764160156e-02,1.200439453124999972e-01
6.503248214721679688e-02,1.160156249999999972e-01
6.510639190673828125e-02,1.135986328124999889e-01
6.518220901489257812e-02,1.095703124999999889e-01
6.525731086730957031e-02,1.095703124999999889e-01
6.533527374267578125e-02,1.055419921874999889e-01
6.541085243225097656e-02,1.031249999999999944e-01
6.548619270324707031e-02,9.909667968749999445e-02
6.556320190429687500e-02,9.990234374999999722e-02
6.563925743103027344e-02,9.587402343749999722e-02
6.571483612060546875e-02,9.184570312499999722e-02
6.579113006591796875e-02,8.942871093749998890e-02
6.586575508117675781e-02,8.459472656250000000e-02
6.594181060791015625e-02,8.620605468749999167e-02
6.601738929748535156e-02,8.137207031249998890e-02
6.609296798706054688e-02,7.814941406249999167e-02
6.616950035095214844e-02,7.573242187499999722e-02
6.624555587768554688e-02,7.573242187499999722e-02
6.632184982299804688e-02,7.492675781249999445e-02
6.639790534973144531e-02,7.089843749999999445e-02
6.647539138793945312e-02,6.687011718749999445e-02
6.655097007751464844e-02,6.445312500000000000e-02
6.662702560424804688e-02,6.364746093749999722e-02
6.670188903808593750e-02,6.042480468750000000e-02
6.677794456481933594e-02,6.042480468750000000e-02
6.685328483581542969e-02,6.042480468750000000e-02
6.693172454833984375e-02,5.720214843749999584e-02
6.700825691223144531e-02,5.397949218749999861e-02
6.708359718322753906e-02,5.156249999999999722e-02
6.718277931213378906e-02,4.995117187499999861e-02
6.725764274597167969e-02,4.995117187499999861e-02
6.733441352844238281e-02,4.672851562499999445e-02
6.740951538085937500e-02,4.350585937499999722e-02
6.748509407043457031e-02,4.270019531249999445e-02
6.756067276000976562e-02,4.270019531249999445e-02
6.763744354248046875e-02,3.947753906249999722e-02
6.771254539489746094e-02,3.867187499999999445e-02
6.778764724731445312e-02,3.625488281250000000e-02
6.786346435546875000e-02,3.544921874999999722e-02
6.794023513793945312e-02,3.625488281250000000e-02
6.801557540893554688e-02,3.303222656249999584e-02
6.809067726135253906e-02,2.900390624999999931e-02
6.816577911376953125e-02,2.900390624999999931e-02
6.824183464050292969e-02,2.900390624999999931e-02
6.831669807434082031e-02,2.497558593749999931e-02
6.839203834533691406e-02,2.578124999999999861e-02
6.846761703491210938e-02,2.497558593749999931e-02
6.854248046875000000e-02,2.658691406249999792e-02
6.861805915832519531e-02,2.175292968749999861e-02
6.869292259216308594e-02,2.255859374999999792e-02
6.876778602600097656e-02,1.772460937499999861e-02
6.884384155273437500e-02,1.772460937499999861e-02
6.892085075378417969e-02,1.853027343749999792e-02
6.899809837341308594e-02,1.772460937499999861e-02
6.907510757446289062e-02,1.450195312499999965e-02
6.915140151977539062e-02,1.450195312499999965e-02
6.921863555908203125e-02,1.530761718749999896e-02
6.928443908691406250e-02,1.530761718749999896e-02
6.936097145080566406e-02,1.127929687499999896e-02
6.944274902343750000e-02,1.127929687499999896e-02
6.951904296875000000e-02,1.127929687499999896e-02
6.959557533264160156e-02,1.127929687499999896e-02
6.967186927795410156e-02,1.127929687499999896e-02
6.974864006042480469e-02,8.862304687499999306e-03
6.982564926147460938e-02,8.056640625000000000e-03
6.990289688110351562e-02,8.056640625000000000e-03
6.997990608215332031e-02,8.056640625000000000e-03
7.005596160888671875e-02,8.862304687499999306e-03
7.012200355529785156e-02,8.056640625000000000e-03
7.018733024597167969e-02,9.667968749999998612e-03
7.027006149291992188e-02,8.862304687499999306e-03
7.034420967102050781e-02,8.056640625000000000e-03
7.041907310485839844e-02,8.056640625000000000e-03
7.049655914306640625e-02,8.056640625000000000e-03
7.056260108947753906e-02,8.862304687499999306e-03
7.062768936157226562e-02,8.862304687499999306e-03
7.069754600524902344e-02,8.862304687499999306e-03
7.078528404235839844e-02,8.862304687499999306e-03
7.085919380187988281e-02,8.862304687499999306e-03
7.092690467834472656e-02,8.056640625000000000e-03
7.099604606628417969e-02,1.127929687499999896e-02
7.107996940612792969e-02,1.127929687499999896e-02
7.115936279296875000e-02,1.208496093750000000e-02
7.123374938964843750e-02,1.127929687499999896e-02
7.131147384643554688e-02,1.127929687499999896e-02
7.139110565185546875e-02,1.530761718749999896e-02
7.146644592285156250e-02,1.450195312499999965e-02
7.154297828674316406e-02,1.530761718749999896e-02
7.161974906921386719e-02,1.530761718749999896e-02
7.169723510742187500e-02,1.772460937499999861e-02
7.177543640136718750e-02,1.772460937499999861e-02
7.184052467346191406e-02,1.853027343749999792e-02
7.191610336303710938e-02,1.772460937499999861e-02
7.199573516845703125e-02,2.175292968749999861e-02
7.209300994873046875e-02,2.255859374999999792e-02
7.217168807983398438e-02,2.578124999999999861e-02
7.225155830383300781e-02,2.578124999999999861e-02
7.232165336608886719e-02,2.497558593749999931e-02
7.240009307861328125e-02,2.578124999999999861e-02
7.246851921081542969e-02,2.819824218750000000e-02
7.254290580749511719e-02,2.819824218750000000e-02
7.262611389160156250e-02,2.819824218750000000e-02
7.270193099975585938e-02,3.222656250000000000e-02
7.278227806091308594e-02,3.625488281250000000e-02
7.286071777343750000e-02,3.625488281250000000e-02
7.293701171875000000e-02,3.625488281250000000e-02
7.301545143127441406e-02,3.867187499999999445e-02
7.309722900390625000e-02,3.947753906249999722e-02
7.317829132080078125e-02,3.867187499999999445e-02
7.326197624206542969e-02,4.350585937499999722e-02
7.334280014038085938e-02,4.270019531249999445e-02
7.342696189880371094e-02,4.672851562499999445e-02
7.357525825500488281e-02,4.995117187499999861e-02
7.366585731506347656e-02,4.995117187499999861e-02
7.377648353576660156e-02,5.317382812499999584e-02
7.385301589965820312e-02,5.639648437500000000e-02
7.393598556518554688e-02,6.042480468750000000e-02
7.401108741760253906e-02,6.042480468750000000e-02
7.407927513122558594e-02,6.364746093749999722e-02
7.415962219238281250e-02,6.445312500000000000e-02
7.424902915954589844e-02,6.767578124999999722e-02
7.436537742614746094e-02,7.170410156249999722e-02
7.445812225341796875e-02,7.492675781249999445e-02
7.452654838562011719e-02,7.492675781249999445e-02
7.461357116699218750e-02,7.814941406249999167e-02
7.471895217895507812e-02,8.217773437499999167e-02
7.479286193847656250e-02,8.540039062499998890e-02
7.486271858215332031e-02,8.781738281249999722e-02
7.495641708374023438e-02,8.781738281249999722e-02
7.502412796020507812e-02,9.265136718750000000e-02
7.510828971862792969e-02,9.587402343749999722e-02
7.519245147705078125e-02,9.909667968749999445e-02
7.527351379394531250e-02,1.023193359374999917e-01
7.535481452941894531e-02,1.055419921874999889e-01
7.544136047363281250e-02,1.063476562499999917e-01
7.552599906921386719e-02,1.095703124999999889e-01
7.559156417846679688e-02,1.144042968749999917e-01
7.567405700683593750e-02,1.168212890625000000e-01
7.575440406799316406e-02,1.192382812499999944e-01
7.583403587341308594e-02,1.232666015624999944e-01
7.591319084167480469e-02,1.232666015624999944e-01
7.599186897277832031e-02,1.272949218749999944e-01
7.607126235961914062e-02,1.305175781250000056e-01
7.615041732788085938e-02,1.337402343749999889e-01
7.623100280761718750e-02,1.345458984375000056e-01
7.631015777587890625e-02,1.369628906250000000e-01
7.639288902282714844e-02,1.409912109375000000e-01
7.647728919982910156e-02,1.434082031249999944e-01
7.656145095825195312e-02,1.442138671874999833e-01
7.664465904235839844e-02,1.482421874999999833e-01
7.672786712646484375e-02,1.546874999999999778e-01
