0.000000000000000000e+00,7.516845703124999112e-01
9.322166442871093750e-05,7.444335937499999556e-01
1.695156097412109375e-04,7.412109375000000000e-01
2.608299255371093750e-04,7.412109375000000000e-01
3.371238708496093750e-04,7.379882812499999334e-01
4.198551177978515625e-04,7.347656249999999778e-01
5.016326904296875000e-04,7.323486328124999556e-01
5.831718444824218750e-04,7.234863281249999112e-01
6.639957427978515625e-04,7.218749999999999334e-01
7.457733154296875000e-04,7.210693359375000000e-01
8.230209350585937500e-04,7.178466796874999334e-01
9.086132049560546875e-04,7.146240234374999778e-01
9.899139404296875000e-04,7.073730468749999112e-01
1.070976257324218750e-03,7.033447265624999112e-01
1.152753829956054688e-03,7.001220703124999556e-01
1.244783401489257812e-03,7.009277343750000000e-01
1.323223114013671875e-03,6.968994140625000000e-01
1.398086547851562500e-03,6.896484374999999334e-01
1.476049423217773438e-03,6.864257812499999778e-01
1.553773880004882812e-03,6.832031249999999112e-01
1.633167266845703125e-03,6.840087890624999556e-01
1.710653305053710938e-03,6.767578125000000000e-01
1.787900924682617188e-03,6.735351562499999334e-01
1.864433288574218750e-03,6.695068359374999334e-01
1.943111419677734375e-03,6.622558593749999778e-01
2.019405364990234375e-03,6.630615234374999112e-01
2.084493637084960938e-03,6.590332031249999112e-01
2.148628234863281250e-03,6.525878906250000000e-01
2.213239669799804688e-03,6.493652343749999334e-01
2.277374267578125000e-03,6.485595703125000000e-01
2.353668212890625000e-03,6.493652343749999334e-01
2.419233322143554688e-03,6.461425781249999778e-01
2.483129501342773438e-03,6.388916015624999112e-01
2.547979354858398438e-03,6.372802734374999334e-01
2.612590789794921875e-03,6.364746093750000000e-01
2.676248550415039062e-03,6.276123046874999556e-01
2.739906311035156250e-03,6.276123046874999556e-01
2.804279327392578125e-03,6.251953124999999334e-01
2.868175506591796875e-03,6.179443359374999778e-01
2.932786941528320312e-03,6.187499999999999112e-01
2.996683120727539062e-03,6.155273437499999556e-01
3.061532974243164062e-03,6.106933593750000222e-01
3.126144409179687500e-03,6.106933593750000222e-01
3.191232681274414062e-03,6.042480468750000000e-01
3.263473510742187500e-03,6.002197265625000000e-01
3.329992294311523438e-03,5.953857421874999556e-01
3.404617309570312500e-03,5.937744140624999778e-01
3.492116928100585938e-03,5.897460937499999778e-01
3.557443618774414062e-03,5.824951171875000222e-01
3.633499145507812500e-03,5.824951171875000222e-01
3.699064254760742188e-03,5.800781250000000000e-01
3.763914108276367188e-03,5.728271484374999334e-01
3.828763961791992188e-03,5.704101562500000222e-01
3.899574279785156250e-03,5.704101562500000222e-01
3.975391387939453125e-03,5.623535156250000222e-01
4.040479660034179688e-03,5.607421874999999334e-01
4.104852676391601562e-03,5.599365234375000000e-01
4.169225692749023438e-03,5.526855468749999334e-01
4.233360290527343750e-03,5.486572265624999334e-01
4.297494888305664062e-03,5.494628906249999778e-01
4.373788833618164062e-03,5.430175781249999556e-01
4.449605941772460938e-03,5.357666015625000000e-01
4.523038864135742188e-03,5.333496093749999778e-01
4.589557647705078125e-03,5.325439453124999334e-01
4.655838012695312500e-03,5.244873046874999334e-01
4.720687866210937500e-03,5.212646484374999778e-01
4.785299301147460938e-03,5.220703125000000222e-01
4.861831665039062500e-03,5.148193359374999556e-01
4.927635192871093750e-03,5.115966796875000000e-01
5.003929138183593750e-03,5.059570312500000222e-01
5.078554153442382812e-03,5.051513671874999778e-01
5.144119262695312500e-03,5.011230468749999778e-01
5.208015441894531250e-03,4.946777343749999556e-01
5.331277847290039062e-03,4.938720703124999667e-01
5.400419235229492188e-03,4.833984375000000000e-01
5.468368530273437500e-03,4.833984375000000000e-01
5.535602569580078125e-03,4.761474609374999889e-01
5.801677703857421875e-03,4.761474609374999889e-01
5.873918533325195312e-03,4.632568359375000000e-01
5.952596664428710938e-03,4.568115234374999778e-01
6.018638610839843750e-03,4.535888671874999667e-01
6.089687347412109375e-03,4.527832031249999778e-01
6.165981292724609375e-03,4.463378906249999556e-01
6.231546401977539062e-03,4.390869140625000000e-01
6.296396255493164062e-03,4.390869140625000000e-01
6.360769271850585938e-03,4.358642578124999889e-01
6.434679031372070312e-03,4.286132812499999778e-01
6.499528884887695312e-03,4.286132812499999778e-01
6.564140319824218750e-03,4.253906249999999667e-01
6.628036499023437500e-03,4.189453125000000000e-01
6.693840026855468750e-03,4.189453125000000000e-01
6.766557693481445312e-03,4.149169921875000000e-01
6.843805313110351562e-03,4.084716796874999778e-01
6.922483444213867188e-03,4.004150390624999778e-01
7.001638412475585938e-03,4.012207031249999667e-01
7.080793380737304688e-03,3.979980468749999556e-01
7.159233093261718750e-03,3.907470703125000000e-01
7.235288619995117188e-03,3.875244140624999889e-01
7.311105728149414062e-03,3.810791015624999667e-01
7.376194000244140625e-03,3.802734374999999778e-01
7.441282272338867188e-03,3.770507812499999667e-01
7.505416870117187500e-03,3.706054687500000000e-01
7.570028305053710938e-03,3.706054687500000000e-01
7.635593414306640625e-03,3.665771484375000000e-01
7.699489593505859375e-03,3.601318359374999778e-01
7.763862609863281250e-03,3.601318359374999778e-01
7.841110229492187500e-03,3.536865234374999556e-01
7.906913757324218750e-03,3.496582031249999556e-01
7.971286773681640625e-03,3.464355468750000000e-01
8.049964904785156250e-03,3.432128906249999889e-01
8.125782012939453125e-03,3.383789062500000000e-01
8.191347122192382812e-03,3.327392578124999667e-01
8.255958557128906250e-03,3.319335937499999778e-01
8.343935012817382812e-03,3.279052734374999778e-01
8.408546447753906250e-03,3.222656250000000000e-01
8.479833602905273438e-03,3.182373046875000000e-01
8.556604385375976562e-03,3.182373046875000000e-01
8.631944656372070312e-03,3.109863281249999889e-01
8.707761764526367188e-03,3.109863281249999889e-01
8.783102035522460938e-03,3.069580078124999889e-01
8.849382400512695312e-03,3.005126953124999667e-01
8.924484252929687500e-03,2.964843749999999667e-01
9.000301361083984375e-03,2.972900390625000111e-01
9.074211120605468750e-03,2.900390625000000000e-01
9.139537811279296875e-03,2.860107421875000000e-01
9.215593338012695312e-03,2.835937499999999778e-01
9.290695190429687500e-03,2.835937499999999778e-01
9.365797042846679688e-03,2.763427734374999667e-01
9.430646896362304688e-03,2.731201171875000111e-01
9.494781494140625000e-03,2.674804687499999778e-01
9.570121765136718750e-03,2.666748046874999889e-01
9.635686874389648438e-03,2.626464843749999889e-01
9.710788726806640625e-03,2.562011718749999667e-01
9.776592254638671875e-03,2.562011718749999667e-01
9.842634201049804688e-03,2.521728515624999667e-01
9.913682937622070312e-03,2.481445312499999944e-01
9.979009628295898438e-03,2.416992187500000000e-01
1.005363464355468750e-02,2.416992187500000000e-01
1.012921333312988281e-02,2.384765624999999889e-01
1.020479202270507812e-02,2.312255859374999778e-01
1.028084754943847656e-02,2.288085937499999833e-01
1.034498214721679688e-02,2.288085937499999833e-01
1.040673255920410156e-02,2.239746093749999944e-01
1.046872138977050781e-02,2.183349609374999889e-01
1.052999496459960938e-02,2.175292968750000000e-01
1.059150695800781250e-02,2.135009765625000000e-01
1.065325736999511719e-02,2.126953124999999833e-01
1.071476936340332031e-02,2.094726562500000000e-01
1.077675819396972656e-02,2.030273437499999778e-01
1.084184646606445312e-02,2.030273437499999778e-01
1.090645790100097656e-02,2.006103515624999833e-01
1.098322868347167969e-02,1.965820312499999833e-01
1.105976104736328125e-02,1.925537109374999833e-01
1.113510131835937500e-02,1.925537109374999833e-01
1.121068000793457031e-02,1.861083984374999889e-01
1.134729385375976562e-02,1.796630859374999944e-01
1.142930984497070312e-02,1.796630859374999944e-01
1.150989532470703125e-02,1.756347656249999944e-01
1.159095764160156250e-02,1.683837890624999833e-01
1.167416572570800781e-02,1.651611328125000000e-01
1.175689697265625000e-02,1.659667968749999889e-01
1.183938980102539062e-02,1.627441406249999778e-01
1.192021369934082031e-02,1.587158203124999778e-01
1.199960708618164062e-02,1.546874999999999778e-01
1.207923889160156250e-02,1.546874999999999778e-01
1.215887069702148438e-02,1.482421874999999833e-01
1.223778724670410156e-02,1.442138671874999833e-01
1.231741905212402344e-02,1.409912109375000000e-01
1.239705085754394531e-02,1.377685546874999889e-01
1.247739791870117188e-02,1.361572265624999833e-01
1.255893707275390625e-02,1.337402343749999889e-01
1.263952255249023438e-02,1.305175781250000056e-01
1.271915435791015625e-02,1.272949218749999944e-01
1.279854774475097656e-02,1.248779296875000000e-01
1.287817955017089844e-02,1.208496093750000000e-01
1.296114921569824219e-02,1.208496093750000000e-01
1.304268836975097656e-02,1.160156249999999972e-01
1.312351226806640625e-02,1.135986328124999889e-01
1.324343681335449219e-02,1.095703124999999889e-01
1.332330703735351562e-02,1.055419921874999889e-01
1.340341567993164062e-02,1.023193359374999917e-01
1.348423957824707031e-02,9.909667968749999445e-02
1.356625556945800781e-02,9.506835937499999445e-02
1.364898681640625000e-02,9.587402343749999722e-02
1.373100280761718750e-02,9.265136718750000000e-02
1.381397247314453125e-02,8.862304687500000000e-02
1.390075683593750000e-02,8.540039062499998890e-02
1.397180557250976562e-02,8.217773437499999167e-02
1.403832435607910156e-02,7.814941406249999167e-02
1.411747932434082031e-02,7.734374999999998890e-02
1.420855522155761719e-02,7.492675781249999445e-02
1.429128646850585938e-02,7.492675781249999445e-02
1.435947418212890625e-02,7.089843749999999445e-02
1.442766189575195312e-02,6.687011718749999445e-02
1.449680328369140625e-02,6.767578124999999722e-02
1.456308364868164062e-02,6.364746093749999722e-02
1.463127136230468750e-02,6.123046874999999584e-02
1.469516754150390625e-02,6.042480468750000000e-02
1.478624343872070312e-02,6.042480468750000000e-02
1.485490798950195312e-02,6.123046874999999584e-02
1.492953300476074219e-02,5.720214843749999584e-02
1.499676704406738281e-02,5.317382812499999584e-02
1.508641242980957031e-02,4.914550781249999584e-02
1.517271995544433594e-02,4.995117187499999861e-02
1.525807380676269531e-02,4.995117187499999861e-02
1.534080505371093750e-02,4.592285156249999861e-02
1.542377471923828125e-02,4.270019531249999445e-02
1.549935340881347656e-02,4.270019531249999445e-02
1.558232307434082031e-02,3.947753906249999722e-02
1.565766334533691406e-02,3.867187499999999445e-02
1.572513580322265625e-02,3.867187499999999445e-02
1.581311225891113281e-02,3.544921874999999722e-02
1.588344573974609375e-02,3.625488281250000000e-02
1.594901084899902344e-02,3.222656250000000000e-02
1.602292060852050781e-02,3.222656250000000000e-02
1.608920097351074219e-02,2.819824218750000000e-02
1.615309715270996094e-02,2.900390624999999931e-02
1.621842384338378906e-02,2.819824218750000000e-02
1.628398895263671875e-02,2.497558593749999931e-02
1.634860038757324219e-02,2.578124999999999861e-02
1.641416549682617188e-02,2.578124999999999861e-02
1.650309562683105469e-02,2.658691406249999792e-02
1.659083366394042969e-02,2.094726562499999931e-02
1.665997505187988281e-02,2.255859374999999792e-02
1.672410964965820312e-02,1.853027343749999792e-02
1.679039001464843750e-02,1.853027343749999792e-02
1.685452461242675781e-02,1.772460937499999861e-02
1.692152023315429688e-02,1.853027343749999792e-02
1.700711250305175781e-02,1.853027343749999792e-02
1.707410812377929688e-02,1.450195312499999965e-02
1.713943481445312500e-02,1.450195312499999965e-02
1.720380783081054688e-02,1.530761718749999896e-02
1.727509498596191406e-02,1.530761718749999896e-02
1.734066009521484375e-02,1.047363281249999965e-02
1.740622520446777344e-02,1.127929687499999896e-02
1.747035980224609375e-02,1.127929687499999896e-02
1.755166053771972656e-02,1.127929687499999896e-02
1.762175559997558594e-02,1.127929687499999896e-02
1.768612861633300781e-02,1.208496093750000000e-02
1.774978637695312500e-02,8.862304687499999306e-03
1.781368255615234375e-02,8.862304687499999306e-03
1.787900924682617188e-02,8.056640625000000000e-03
1.794338226318359375e-02,8.056640625000000000e-03
1.800751686096191406e-02,8.862304687499999306e-03
1.807141304016113281e-02,8.862304687499999306e-03
1.813793182373046875e-02,8.862304687499999306e-03
1.820278167724609375e-02,8.056640625000000000e-03
1.826691627502441406e-02,8.862304687499999306e-03
1.833128929138183594e-02,8.862304687499999306e-03
1.839661598205566406e-02,8.862304687499999306e-03
1.846170425415039062e-02,8.056640625000000000e-03
1.852607727050781250e-02,8.056640625000000000e-03
1.861143112182617188e-02,8.056640625000000000e-03
1.867866516113281250e-02,8.862304687499999306e-03
1.874256134033203125e-02,8.862304687499999306e-03
1.880693435668945312e-02,9.667968749999998612e-03
1.887202262878417969e-02,8.862304687499999306e-03
1.893734931945800781e-02,8.056640625000000000e-03
1.900219917297363281e-02,1.127929687499999896e-02
1.906657218933105469e-02,1.127929687499999896e-02
1.913094520568847656e-02,1.127929687499999896e-02
1.920509338378906250e-02,1.127929687499999896e-02
1.927113533020019531e-02,1.127929687499999896e-02
1.933598518371582031e-02,1.127929687499999896e-02
1.940059661865234375e-02,1.530761718749999896e-02
1.946449279785156250e-02,1.611328125000000000e-02
1.952934265136718750e-02,1.530761718749999896e-02
1.959395408630371094e-02,1.530761718749999896e-02
1.965880393981933594e-02,1.853027343749999792e-02
1.972389221191406250e-02,1.772460937499999861e-02
1.978802680969238281e-02,1.772460937499999861e-02
1.985287666320800781e-02,1.772460937499999861e-02
1.991796493530273438e-02,1.772460937499999861e-02
1.998233795166015625e-02,2.175292968749999861e-02
2.004694938659667969e-02,2.255859374999999792e-02
2.011132240295410156e-02,2.175292968749999861e-02
2.019953727722167969e-02,2.497558593749999931e-02
2.026724815368652344e-02,2.497558593749999931e-02
2.034330368041992188e-02,2.578124999999999861e-02
2.042841911315917969e-02,2.578124999999999861e-02
2.051186561584472656e-02,2.819824218750000000e-02
2.059292793273925781e-02,2.819824218750000000e-02
2.067399024963378906e-02,3.222656250000000000e-02
2.075719833374023438e-02,3.625488281250000000e-02
2.083873748779296875e-02,3.544921874999999722e-02
2.092003822326660156e-02,3.706054687499999584e-02
2.100086212158203125e-02,3.867187499999999445e-02
2.108430862426757812e-02,3.947753906249999722e-02
2.116751670837402344e-02,3.867187499999999445e-02
2.127623558044433594e-02,4.270019531249999445e-02
2.134656906127929688e-02,4.350585937499999722e-02
2.142834663391113281e-02,4.753417968749999722e-02
2.149915695190429688e-02,4.995117187499999861e-02
2.168703079223632812e-02,4.995117187499999861e-02
2.176332473754882812e-02,5.800781249999999861e-02
2.184271812438964844e-02,5.800781249999999861e-02
2.192330360412597656e-02,6.123046874999999584e-02
2.200150489807128906e-02,6.203613281249999861e-02
2.207922935485839844e-02,6.606445312499999167e-02
2.215838432312011719e-02,6.848144531250000000e-02
2.222561836242675781e-02,6.848144531250000000e-02
2.229142189025878906e-02,7.250976562500000000e-02
2.235794067382812500e-02,7.653808593750000000e-02
2.244043350219726562e-02,7.653808593750000000e-02
2.258133888244628906e-02,7.895507812499999445e-02
2.265429496765136719e-02,8.298339843749999445e-02
2.272105216979980469e-02,8.298339843749999445e-02
2.282166481018066406e-02,8.701171874999999445e-02
2.291727066040039062e-02,9.023437499999999167e-02
2.308440208435058594e-02,9.587402343749999722e-02
2.315282821655273438e-02,1.007080078125000000e-01
2.322435379028320312e-02,1.047363281250000000e-01
2.329063415527343750e-02,1.047363281250000000e-01
2.340078353881835938e-02,1.071533203124999944e-01
2.348661422729492188e-02,1.111816406249999944e-01
2.356696128845214844e-02,1.144042968749999917e-01
2.365612983703613281e-02,1.176269531249999889e-01
2.372622489929199219e-02,1.216552734374999889e-01
2.379155158996582031e-02,1.216552734374999889e-01
2.391147613525390625e-02,1.248779296875000000e-01
2.398133277893066406e-02,1.281005859374999833e-01
2.406024932861328125e-02,1.321289062499999833e-01
2.413988113403320312e-02,1.353515624999999944e-01
2.420616149902343750e-02,1.353515624999999944e-01
2.430963516235351562e-02,1.385742187500000056e-01
2.437829971313476562e-02,1.426025390625000056e-01
2.445316314697265625e-02,1.458251953124999889e-01
2.453088760375976562e-02,1.450195312500000000e-01
2.460980415344238281e-02,1.498535156249999889e-01
2.468705177307128906e-02,1.562988281249999833e-01
2.476596832275390625e-02,1.603271484374999833e-01
2.487039566040039062e-02,1.635498046874999944e-01
2.495670318603515625e-02,1.667724609374999778e-01
2.503395080566406250e-02,1.708007812499999778e-01
2.511405944824218750e-02,1.708007812499999778e-01
2.518987655639648438e-02,1.772460937500000000e-01
2.531456947326660156e-02,1.804687499999999833e-01
2.539134025573730469e-02,1.836914062499999944e-01
2.545738220214843750e-02,1.877197265624999944e-01
2.552366256713867188e-02,1.941650390624999889e-01
2.558946609497070312e-02,1.941650390624999889e-01
2.567410469055175781e-02,1.981933593749999889e-01
2.575922012329101562e-02,2.022216796874999889e-01
2.585244178771972656e-02,2.046386718749999833e-01
2.592015266418457031e-02,2.118896484374999944e-01
2.600431442260742188e-02,2.110839843749999778e-01
2.607989311218261719e-02,2.151123046874999778e-01
2.614760398864746094e-02,2.191406249999999778e-01
2.625608444213867188e-02,2.263916015624999889e-01
2.634716033935546875e-02,2.296142578125000000e-01
2.642464637756347656e-02,2.328369140624999833e-01
2.649164199829101562e-02,2.400878906249999944e-01
2.655839920043945312e-02,2.400878906249999944e-01
2.662491798400878906e-02,2.425048828124999889e-01
2.672386169433593750e-02,2.481445312499999944e-01
2.684569358825683594e-02,2.521728515624999667e-01
2.692866325378417969e-02,2.562011718749999667e-01
2.700948715209960938e-02,2.626464843749999889e-01
2.710127830505371094e-02,2.666748046874999889e-01
2.717447280883789062e-02,2.731201171875000111e-01
2.724170684814453125e-02,2.731201171875000111e-01
2.733016014099121094e-02,2.731201171875000111e-01
2.741217613220214844e-02,2.771484375000000111e-01
2.748990058898925781e-02,2.835937499999999778e-01
2.756786346435546875e-02,2.860107421875000000e-01
2.764725685119628906e-02,2.900390625000000000e-01
2.772355079650878906e-02,2.980957031250000000e-01
2.780127525329589844e-02,2.972900390625000111e-01
2.789926528930664062e-02,3.013183593750000111e-01
2.796840667724609375e-02,3.069580078124999889e-01
2.803301811218261719e-02,3.117919921874999778e-01
2.811074256896972656e-02,3.174316406249999556e-01
2.818775177001953125e-02,3.182373046875000000e-01
2.825450897216796875e-02,3.214599609374999556e-01
2.832078933715820312e-02,3.295166015624999556e-01
2.838563919067382812e-02,3.287109374999999667e-01
2.845573425292968750e-02,3.319335937499999778e-01
2.852344512939453125e-02,3.391845703124999889e-01
2.859115600585937500e-02,3.432128906249999889e-01
2.867794036865234375e-02,3.424072265625000000e-01
2.875423431396484375e-02,3.488525390624999667e-01
2.883386611938476562e-02,3.528808593749999667e-01
2.891182899475097656e-02,3.601318359374999778e-01
2.898859977722167969e-02,3.657714843749999556e-01
2.906537055969238281e-02,3.665771484375000000e-01
2.914333343505859375e-02,3.697998046874999556e-01
2.922105789184570312e-02,3.770507812499999667e-01
2.929902076721191406e-02,3.810791015624999667e-01
2.937555313110351562e-02,3.810791015624999667e-01
2.944326400756835938e-02,3.867187500000000000e-01
2.952051162719726562e-02,3.915527343749999889e-01
2.959799766540527344e-02,3.971923828124999667e-01
2.967548370361328125e-02,4.004150390624999778e-01
2.975726127624511719e-02,4.004150390624999778e-01
2.982568740844726562e-02,4.084716796874999778e-01
2.989101409912109375e-02,4.149169921875000000e-01
2.997422218322753906e-02,4.181396484374999556e-01
3.005313873291015625e-02,4.189453125000000000e-01
3.011894226074218750e-02,4.253906249999999667e-01
3.019452095031738281e-02,4.286132812499999778e-01
3.026795387268066406e-02,4.358642578124999889e-01
3.034639358520507812e-02,4.358642578124999889e-01
3.042364120483398438e-02,4.390869140625000000e-01
3.049945831298828125e-02,4.439208984374999889e-01
3.057599067687988281e-02,4.471435546875000000e-01
3.064179420471191406e-02,4.527832031249999778e-01
3.070616722106933594e-02,4.576171874999999667e-01
3.077173233032226562e-02,4.568115234374999778e-01
3.084897994995117188e-02,4.632568359375000000e-01
3.092837333679199219e-02,4.680908203124999889e-01
3.100728988647460938e-02,4.745361328124999556e-01
3.108429908752441406e-02,4.737304687499999667e-01
3.115129470825195312e-02,4.769531249999999778e-01
3.127264976501464844e-02,4.842041015624999889e-01
3.135800361633300781e-02,4.874267578125000000e-01
3.144097328186035156e-02,4.946777343749999556e-01
3.152871131896972656e-02,5.011230468749999778e-01
3.159856796264648438e-02,5.043457031249999334e-01
3.169941902160644531e-02,5.107910156249999556e-01
3.177666664123535156e-02,5.140136718750000222e-01
3.184175491333007812e-02,5.140136718750000222e-01
3.192615509033203125e-02,5.212646484374999778e-01
3.200507164001464844e-02,5.244873046874999334e-01
3.207540512084960938e-02,5.317382812500000000e-01
3.215861320495605469e-02,5.325439453124999334e-01
3.224301338195800781e-02,5.349609374999999556e-01
3.232407569885253906e-02,5.430175781249999556e-01
3.240442276000976562e-02,5.502685546875000222e-01
3.248620033264160156e-02,5.526855468749999334e-01
3.257107734680175781e-02,5.607421874999999334e-01
3.265404701232910156e-02,5.607421874999999334e-01
3.273701667785644531e-02,5.623535156250000222e-01
3.283691406250000000e-02,5.704101562500000222e-01
3.291988372802734375e-02,5.728271484374999334e-01
3.300142288208007812e-02,5.800781250000000000e-01
3.306722640991210938e-02,5.824951171875000222e-01
3.313422203063964844e-02,5.897460937499999778e-01
3.320074081420898438e-02,5.897460937499999778e-01
3.329181671142578125e-02,5.937744140624999778e-01
3.336691856384277344e-02,6.002197265625000000e-01
3.343415260314941406e-02,6.050537109374999334e-01
3.353190422058105469e-02,6.042480468750000000e-01
3.360700607299804688e-02,6.106933593750000222e-01
3.369116783142089844e-02,6.147216796875000222e-01
3.377199172973632812e-02,6.147216796875000222e-01
3.385305404663085938e-02,6.179443359374999778e-01
3.393459320068359375e-02,6.251953124999999334e-01
3.401875495910644531e-02,6.276123046874999556e-01
3.410148620605468750e-02,6.356689453124999556e-01
3.418421745300292969e-02,6.380859374999999778e-01
3.425049781799316406e-02,6.413085937499999334e-01
3.431653976440429688e-02,6.453369140624999334e-01
3.439903259277343750e-02,6.485595703125000000e-01
3.447890281677246094e-02,6.517822265624999556e-01
3.456211090087890625e-02,6.582275390624999778e-01
3.463792800903320312e-02,6.582275390624999778e-01
3.470683097839355469e-02,6.622558593749999778e-01
3.477764129638671875e-02,6.695068359374999334e-01
3.486371040344238281e-02,6.735351562499999334e-01
3.495311737060546875e-02,6.735351562499999334e-01
3.503108024597167969e-02,6.767578125000000000e-01
3.511452674865722656e-02,6.832031249999999112e-01
3.519463539123535156e-02,6.856201171874999334e-01
3.527617454528808594e-02,6.904541015624999778e-01
3.535652160644531250e-02,6.960937499999999556e-01
3.543853759765625000e-02,6.985107421874999778e-01
3.552246093750000000e-02,7.009277343750000000e-01
3.560471534729003906e-02,7.025390624999999778e-01
3.568840026855468750e-02,7.065673828124999778e-01
3.577041625976562500e-02,7.138183593749999334e-01
3.585171699523925781e-02,7.178466796874999334e-01
3.593134880065917969e-02,7.210693359375000000e-01
3.601431846618652344e-02,7.218749999999999334e-01
3.610110282897949219e-02,7.242919921874999556e-01
3.619766235351562500e-02,7.323486328124999556e-01
3.627252578735351562e-02,7.355712890624999112e-01
3.634047508239746094e-02,7.387939453124999778e-01
3.640770912170410156e-02,7.412109375000000000e-01
3.649544715881347656e-02,7.420166015624999334e-01
3.656744956970214844e-02,7.444335937499999556e-01
3.665232658386230469e-02,7.516845703124999112e-01
3.673529624938964844e-02,7.516845703124999112e-01
3.681564331054687500e-02,7.557128906249999112e-01
3.689813613891601562e-02,7.589355468749999778e-01
3.698015213012695312e-02,7.613525390625000000e-01
3.706455230712890625e-02,7.653808593750000000e-01
3.714680671691894531e-02,7.653808593750000000e-01
3.721547126770019531e-02,7.694091796875000000e-01
3.728079795837402344e-02,7.718261718749999112e-01
3.736257553100585938e-02,7.766601562499999556e-01
3.744363784790039062e-02,7.790771484374999778e-01
3.751134872436523438e-02,7.790771484374999778e-01
3.759956359863281250e-02,7.831054687499999778e-01
3.771924972534179688e-02,7.863281249999999334e-01
3.778624534606933594e-02,7.887451171874999556e-01
3.785133361816406250e-02,7.927734374999999556e-01
3.791618347167968750e-02,7.968017578124999556e-01
3.798151016235351562e-02,7.959960937499999112e-01
3.805279731750488281e-02,7.992187499999999778e-01
3.812265396118164062e-02,8.024414062499999334e-01
3.818726539611816406e-02,8.040527343749999112e-01
3.825354576110839844e-02,8.064697265624999334e-01
3.831863403320312500e-02,8.096923828125000000e-01
3.838396072387695312e-02,8.096923828125000000e-01
3.844857215881347656e-02,8.137207031250000000e-01
3.852438926696777344e-02,8.153320312499999778e-01
3.861021995544433594e-02,8.161376953124999112e-01
3.867745399475097656e-02,8.193603515624999778e-01
3.874158859252929688e-02,8.233886718749999778e-01
3.880572319030761719e-02,8.233886718749999778e-01
3.887033462524414062e-02,8.233886718749999778e-01
3.893423080444335938e-02,8.266113281249999334e-01
3.899884223937988281e-02,8.298339843750000000e-01
3.906297683715820312e-02,8.298339843750000000e-01
3.912758827209472656e-02,8.338623046875000000e-01
3.919243812561035156e-02,8.370849609374999556e-01
3.925704956054687500e-02,8.362792968749999112e-01
3.932189941406250000e-02,8.362792968749999112e-01
3.938651084899902344e-02,8.411132812499999556e-01
3.945064544677734375e-02,8.411132812499999556e-01
3.951478004455566406e-02,8.443359374999999112e-01
3.957915306091308594e-02,8.475585937499999778e-01
3.964328765869140625e-02,8.475585937499999778e-01
3.970742225646972656e-02,8.475585937499999778e-01
3.977179527282714844e-02,8.475585937499999778e-01
3.983569145202636719e-02,8.507812499999999334e-01
3.989958763122558594e-02,8.507812499999999334e-01
3.996372222900390625e-02,8.540039062500000000e-01
4.002809524536132812e-02,8.540039062500000000e-01
4.009246826171875000e-02,8.540039062500000000e-01
4.015707969665527344e-02,8.572265624999999556e-01
4.022145271301269531e-02,8.572265624999999556e-01
4.028558731079101562e-02,8.572265624999999556e-01
4.034972190856933594e-02,8.612548828124999556e-01
4.041409492492675781e-02,8.620605468750000000e-01
4.047799110412597656e-02,8.612548828124999556e-01
4.054188728332519531e-02,8.644775390624999112e-01
4.060649871826171875e-02,8.677001953124999778e-01
4.067087173461914062e-02,8.677001953124999778e-01
4.073500633239746094e-02,8.685058593749999112e-01
4.079890251159667969e-02,8.717285156249999778e-01
4.086327552795410156e-02,8.717285156249999778e-01
4.092717170715332031e-02,8.717285156249999778e-01
4.099130630493164062e-02,8.709228515624999334e-01
4.105520248413085938e-02,8.717285156249999778e-01
4.111933708190917969e-02,8.749511718749999334e-01
4.118394851684570312e-02,8.741455078125000000e-01
4.127860069274902344e-02,8.733398437499999556e-01
4.134511947631835938e-02,8.789794921874999334e-01
4.140973091125488281e-02,8.781738281250000000e-01
4.147410392761230469e-02,8.781738281250000000e-01
4.153871536254882812e-02,8.773681640624999556e-01
4.160261154174804688e-02,8.813964843749999556e-01
4.166722297668457031e-02,8.822021484375000000e-01
4.173111915588378906e-02,8.822021484375000000e-01
4.179525375366210938e-02,8.813964843749999556e-01
4.185962677001953125e-02,8.813964843749999556e-01
4.192376136779785156e-02,8.846191406249999112e-01
4.198813438415527344e-02,8.846191406249999112e-01
4.205203056335449219e-02,8.846191406249999112e-01
4.211664199829101562e-02,8.846191406249999112e-01
4.218125343322753906e-02,8.846191406249999112e-01
4.224538803100585938e-02,8.838134765624999778e-01
4.231095314025878906e-02,8.886474609374999112e-01
4.237580299377441406e-02,8.878417968749999778e-01
4.265546798706054688e-02,8.886474609374999112e-01
4.272198677062988281e-02,8.878417968749999778e-01
4.278659820556640625e-02,8.878417968749999778e-01
4.285049438476562500e-02,8.878417968749999778e-01
4.291486740112304688e-02,8.878417968749999778e-01
4.297900199890136719e-02,8.878417968749999778e-01
4.304337501525878906e-02,8.886474609374999112e-01
4.310727119445800781e-02,8.886474609374999112e-01
4.317164421081542969e-02,8.878417968749999778e-01
4.323577880859375000e-02,8.878417968749999778e-01
4.330015182495117188e-02,8.878417968749999778e-01
4.336404800415039062e-02,8.878417968749999778e-01
4.342842102050781250e-02,8.878417968749999778e-01
4.349231719970703125e-02,8.886474609374999112e-01
4.355669021606445312e-02,8.878417968749999778e-01
4.362058639526367188e-02,8.886474609374999112e-01
4.368472099304199219e-02,8.886474609374999112e-01
4.374909400939941406e-02,8.878417968749999778e-01
4.381346702575683594e-02,8.886474609374999112e-01
4.387760162353515625e-02,8.878417968749999778e-01
4.394173622131347656e-02,8.878417968749999778e-01
4.400587081909179688e-02,8.878417968749999778e-01
4.406976699829101562e-02,8.886474609374999112e-01
4.413366317749023438e-02,8.886474609374999112e-01
4.419827461242675781e-02,8.878417968749999778e-01
4.426193237304687500e-02,8.886474609374999112e-01
4.432582855224609375e-02,8.846191406249999112e-01
4.439020156860351562e-02,8.838134765624999778e-01
4.445409774780273438e-02,8.846191406249999112e-01
4.451847076416015625e-02,8.854248046874999556e-01
4.458236694335937500e-02,8.846191406249999112e-01
4.464650154113769531e-02,8.854248046874999556e-01
4.471063613891601562e-02,8.822021484375000000e-01
4.477453231811523438e-02,8.822021484375000000e-01
4.483866691589355469e-02,8.822021484375000000e-01
4.490280151367187500e-02,8.813964843749999556e-01
4.496669769287109375e-02,8.813964843749999556e-01
4.503059387207031250e-02,8.781738281250000000e-01
4.509472846984863281e-02,8.773681640624999556e-01
4.515886306762695312e-02,8.781738281250000000e-01
4.522299766540527344e-02,8.789794921874999334e-01
4.528713226318359375e-02,8.781738281250000000e-01
4.535150527954101562e-02,8.749511718749999334e-01
4.541563987731933594e-02,8.741455078125000000e-01
4.547977447509765625e-02,8.741455078125000000e-01
4.554367065429687500e-02,8.717285156249999778e-01
4.560780525207519531e-02,8.717285156249999778e-01
4.567146301269531250e-02,8.717285156249999778e-01
4.573535919189453125e-02,8.709228515624999334e-01
4.579973220825195312e-02,8.677001953124999778e-01
4.586362838745117188e-02,8.668945312499999334e-01
4.592776298522949219e-02,8.677001953124999778e-01
4.599165916442871094e-02,8.677001953124999778e-01
4.605579376220703125e-02,8.636718749999999778e-01
4.612016677856445312e-02,8.612548828124999556e-01
4.618430137634277344e-02,8.604492187499999112e-01
4.624867439270019531e-02,8.604492187499999112e-01
4.631328582763671875e-02,8.604492187499999112e-01
4.637765884399414062e-02,8.580322265625000000e-01
4.644203186035156250e-02,8.572265624999999556e-01
4.650664329528808594e-02,8.572265624999999556e-01
4.657125473022460938e-02,8.531982421874999556e-01
4.663538932800292969e-02,8.531982421874999556e-01
4.669952392578125000e-02,8.540039062500000000e-01
4.676389694213867188e-02,8.507812499999999334e-01
4.682803153991699219e-02,8.467529296874999334e-01
4.689264297485351562e-02,8.467529296874999334e-01
4.695653915405273438e-02,8.475585937499999778e-01
4.702305793762207031e-02,8.443359374999999112e-01
4.709100723266601562e-02,8.451416015624999556e-01
4.715752601623535156e-02,8.411132812499999556e-01
4.723858833312988281e-02,8.362792968749999112e-01
4.731035232543945312e-02,8.370849609374999556e-01
4.737687110900878906e-02,8.370849609374999556e-01
4.748654365539550781e-02,8.338623046875000000e-01
4.756045341491699219e-02,8.298339843750000000e-01
4.763007164001464844e-02,8.266113281249999334e-01
4.770112037658691406e-02,8.233886718749999778e-01
4.778170585632324219e-02,8.241943359374999112e-01
4.785251617431640625e-02,8.241943359374999112e-01
4.792571067810058594e-02,8.209716796874999556e-01
4.799532890319824219e-02,8.161376953124999112e-01
4.806017875671386719e-02,8.153320312499999778e-01
4.812455177307128906e-02,8.129150390624999556e-01
4.818987846374511719e-02,8.088867187499999556e-01
4.825520515441894531e-02,8.088867187499999556e-01
4.832243919372558594e-02,8.072753906249999778e-01
4.838824272155761719e-02,8.040527343749999112e-01
4.845261573791503906e-02,8.032470703124999778e-01
4.851746559143066406e-02,7.992187499999999778e-01
4.858565330505371094e-02,7.959960937499999112e-01
4.865431785583496094e-02,7.968017578124999556e-01
4.871916770935058594e-02,7.927734374999999556e-01
4.878520965576171875e-02,7.895507812500000000e-01
4.885053634643554688e-02,7.887451171874999556e-01
4.891610145568847656e-02,7.863281249999999334e-01
4.900884628295898438e-02,7.831054687499999778e-01
4.908347129821777344e-02,7.782714843749999334e-01
4.917645454406738281e-02,7.782714843749999334e-01
4.926133155822753906e-02,7.766601562499999556e-01
4.934000968933105469e-02,7.718261718749999112e-01
4.942464828491210938e-02,7.694091796875000000e-01
4.949808120727539062e-02,7.669921874999999778e-01
4.957079887390136719e-02,7.653808593750000000e-01
4.966306686401367188e-02,7.613525390625000000e-01
4.975605010986328125e-02,7.589355468749999778e-01
4.984521865844726562e-02,7.565185546874999556e-01
4.993247985839843750e-02,7.516845703124999112e-01
5.001282691955566406e-02,7.452392578125000000e-01
5.008339881896972656e-02,7.412109375000000000e-01
5.016446113586425781e-02,7.412109375000000000e-01
5.025792121887207031e-02,7.379882812499999334e-01
5.032968521118164062e-02,7.339599609374999334e-01
5.041074752807617188e-02,7.315429687499999112e-01
5.049252510070800781e-02,7.234863281249999112e-01
5.059289932250976562e-02,7.242919921874999556e-01
5.067157745361328125e-02,7.178466796874999334e-01
5.074477195739746094e-02,7.178466796874999334e-01
5.081391334533691406e-02,7.138183593749999334e-01
5.088305473327636719e-02,7.065673828124999778e-01
5.096340179443359375e-02,7.033447265624999112e-01
5.103945732116699219e-02,7.033447265624999112e-01
5.110573768615722656e-02,7.001220703124999556e-01
5.117702484130859375e-02,6.968994140625000000e-01
5.128479003906250000e-02,6.960937499999999556e-01
5.135774612426757812e-02,6.856201171874999334e-01
5.142402648925781250e-02,6.864257812499999778e-01
5.148959159851074219e-02,6.832031249999999112e-01
5.162715911865234375e-02,6.759521484374999556e-01
5.170917510986328125e-02,6.727294921875000000e-01
5.177879333496093750e-02,6.687011718750000000e-01
5.186510086059570312e-02,6.622558593749999778e-01
5.195021629333496094e-02,6.590332031249999112e-01
5.204653739929199219e-02,6.590332031249999112e-01
5.239224433898925781e-02,6.461425781249999778e-01
5.248689651489257812e-02,6.348632812499999112e-01
5.257558822631835938e-02,6.348632812499999112e-01
5.265402793884277344e-02,6.284179687500000000e-01
5.274701118469238281e-02,6.243896484375000000e-01
5.283737182617187500e-02,6.187499999999999112e-01
5.290889739990234375e-02,6.147216796875000222e-01
5.297780036926269531e-02,6.106933593750000222e-01
5.304908752441406250e-02,6.106933593750000222e-01
5.312228202819824219e-02,6.042480468750000000e-01
5.319023132324218750e-02,6.002197265625000000e-01
5.328154563903808594e-02,5.937744140624999778e-01
5.336022377014160156e-02,5.905517578125000222e-01
5.342745780944824219e-02,5.905517578125000222e-01
5.349826812744140625e-02,5.841064453125000000e-01
5.356550216674804688e-02,5.800781250000000000e-01
5.363082885742187500e-02,5.800781250000000000e-01
5.370163917541503906e-02,5.728271484374999334e-01
5.377125740051269531e-02,5.704101562500000222e-01
5.385708808898925781e-02,5.696044921874999778e-01
5.395483970642089844e-02,5.631591796874999556e-01
5.403566360473632812e-02,5.599365234375000000e-01
5.411529541015625000e-02,5.526855468749999334e-01
5.419421195983886719e-02,5.486572265624999334e-01
5.427336692810058594e-02,5.422119140625000222e-01
5.435276031494140625e-02,5.357666015625000000e-01
5.443143844604492188e-02,5.357666015625000000e-01
5.451059341430664062e-02,5.325439453124999334e-01
5.458950996398925781e-02,5.252929687499999778e-01
5.466771125793457031e-02,5.220703125000000222e-01
5.474686622619628906e-02,5.140136718750000222e-01
5.482649803161621094e-02,5.140136718750000222e-01
5.489206314086914062e-02,5.115966796875000000e-01
5.495667457580566406e-02,5.051513671874999778e-01
5.502080917358398438e-02,5.011230468749999778e-01
5.508518218994140625e-02,5.011230468749999778e-01
5.514907836914062500e-02,4.938720703124999667e-01
5.522871017456054688e-02,4.866210937499999556e-01
5.530762672424316406e-02,4.866210937499999556e-01
5.538582801818847656e-02,4.842041015624999889e-01
5.546450614929199219e-02,4.777587890624999667e-01
5.554318428039550781e-02,4.761474609374999889e-01
5.562186241149902344e-02,4.737304687499999667e-01
5.570054054260253906e-02,4.672851562500000000e-01
5.577921867370605469e-02,4.632568359375000000e-01
5.585813522338867188e-02,4.568115234374999778e-01
5.593347549438476562e-02,4.568115234374999778e-01
5.601215362548828125e-02,4.535888671874999667e-01
5.609083175659179688e-02,4.455322265624999667e-01
5.616998672485351562e-02,4.390869140625000000e-01
5.624914169311523438e-02,4.358642578124999889e-01
5.631542205810546875e-02,4.358642578124999889e-01
5.637979507446289062e-02,4.286132812499999778e-01
5.644369125366210938e-02,4.245849609374999778e-01
5.650782585144042969e-02,4.261962890624999556e-01
5.657243728637695312e-02,4.189453125000000000e-01
5.665087699890136719e-02,4.141113281249999556e-01
5.672955513000488281e-02,4.149169921875000000e-01
5.680823326110839844e-02,4.076660156249999889e-01
5.688714981079101562e-02,4.004150390624999778e-01
5.695843696594238281e-02,3.971923828124999667e-01
5.703711509704589844e-02,3.915527343749999889e-01
5.711627006530761719e-02,3.907470703125000000e-01
5.719494819641113281e-02,3.875244140624999889e-01
5.726337432861328125e-02,3.802734374999999778e-01
5.734133720397949219e-02,3.770507812499999667e-01
5.741977691650390625e-02,3.722167968749999778e-01
5.749845504760742188e-02,3.697998046874999556e-01
5.757761001586914062e-02,3.665771484375000000e-01
5.765676498413085938e-02,3.601318359374999778e-01
5.772233009338378906e-02,3.536865234374999556e-01
5.778694152832031250e-02,3.528808593749999667e-01
5.785131454467773438e-02,3.488525390624999667e-01
5.791592597961425781e-02,3.424072265625000000e-01
5.798029899597167969e-02,3.424072265625000000e-01
5.805921554565429688e-02,3.383789062500000000e-01
5.813813209533691406e-02,3.327392578124999667e-01
5.820369720458984375e-02,3.279052734374999778e-01
5.828237533569335938e-02,3.287109374999999667e-01
5.836057662963867188e-02,3.222656250000000000e-01
5.843949317932128906e-02,3.174316406249999556e-01
5.851769447326660156e-02,3.182373046875000000e-01
5.859613418579101562e-02,3.109863281249999889e-01
5.867481231689453125e-02,3.069580078124999889e-01
5.875349044799804688e-02,3.013183593750000111e-01
5.883216857910156250e-02,3.013183593750000111e-01
5.891108512878417969e-02,2.964843749999999667e-01
5.898880958557128906e-02,2.900390625000000000e-01
5.905437469482421875e-02,2.868164062499999889e-01
5.911898612976074219e-02,2.843994140624999667e-01
5.918312072753906250e-02,2.835937499999999778e-01
5.924773216247558594e-02,2.771484375000000111e-01
5.931186676025390625e-02,2.731201171875000111e-01
5.939054489135742188e-02,2.731201171875000111e-01
5.946898460388183594e-02,2.674804687499999778e-01
5.954766273498535156e-02,2.626464843749999889e-01
5.962657928466796875e-02,2.570068359375000111e-01
5.970478057861328125e-02,2.562011718749999667e-01
5.978369712829589844e-02,2.513671874999999778e-01
5.986213684082031250e-02,2.481445312499999944e-01
5.994081497192382812e-02,2.416992187500000000e-01
6.001996994018554688e-02,2.384765624999999889e-01
6.009173393249511719e-02,2.392822265624999778e-01
6.016969680786132812e-02,2.312255859374999778e-01
6.024837493896484375e-02,2.280029296874999944e-01
6.032729148864746094e-02,2.247802734374999833e-01
6.039309501647949219e-02,2.175292968750000000e-01
6.045746803283691406e-02,2.175292968750000000e-01
6.052136421203613281e-02,2.143066406249999889e-01
6.058549880981445312e-02,2.094726562500000000e-01
6.064939498901367188e-02,2.094726562500000000e-01
6.072783470153808594e-02,2.030273437499999778e-01
6.080675125122070312e-02,1.998046874999999944e-01
6.088542938232421875e-02,1.989990234374999778e-01
6.096434593200683594e-02,1.965820312499999833e-01
6.104326248168945312e-02,1.933593750000000000e-01
6.112122535705566406e-02,1.861083984374999889e-01
6.119370460510253906e-02,1.820800781249999889e-01
6.128740310668945312e-02,1.796630859374999944e-01
6.136870384216308594e-02,1.796630859374999944e-01
6.144714355468750000e-02,1.764404296874999833e-01
6.152606010437011719e-02,1.691894531250000000e-01
6.160497665405273438e-02,1.651611328125000000e-01
6.168770790100097656e-02,1.643554687499999833e-01
6.175422668457031250e-02,1.619384765624999889e-01
6.181836128234863281e-02,1.579101562499999889e-01
6.188249588012695312e-02,1.579101562499999889e-01
6.194663047790527344e-02,1.546874999999999778e-01
6.202578544616699219e-02,1.474365234374999944e-01
6.210494041442871094e-02,1.482421874999999833e-01
6.217980384826660156e-02,1.442138671874999833e-01
6.225848197937011719e-02,1.417968749999999889e-01
6.233739852905273438e-02,1.377685546874999889e-01
6.241559982299804688e-02,1.337402343749999889e-01
6.249427795410156250e-02,1.337402343749999889e-01
6.257295608520507812e-02,1.305175781250000056e-01
6.265139579772949219e-02,1.272949218749999944e-01
6.272983551025390625e-02,1.240722656249999972e-01
6.280803680419921875e-02,1.200439453124999972e-01
6.288695335388183594e-02,1.200439453124999972e-01
6.296539306640625000e-02,1.160156249999999972e-01
6.304383277893066406e-02,1.127929687500000000e-01
6.310939788818359375e-02,1.095703124999999889e-01
6.317377090454101562e-02,1.055419921874999889e-01
6.323790550231933594e-02,1.055419921874999889e-01
6.330227851867675781e-02,1.023193359374999917e-01
6.336641311645507812e-02,9.909667968749999445e-02
6.344652175903320312e-02,9.909667968749999445e-02
6.352663040161132812e-02,9.587402343749999722e-02
6.360673904418945312e-02,9.184570312499999722e-02
6.368589401245117188e-02,8.781738281249999722e-02
6.376457214355468750e-02,8.862304687500000000e-02
6.384253501892089844e-02,8.540039062499998890e-02
6.392145156860351562e-02,8.137207031249998890e-02
6.399989128112792969e-02,7.734374999999998890e-02
6.407809257507324219e-02,7.573242187499999722e-02
6.415653228759765625e-02,7.492675781249999445e-02
6.423544883728027344e-02,7.573242187499999722e-02
6.431460380554199219e-02,7.089843749999999445e-02
6.439328193664550781e-02,6.767578124999999722e-02
6.447196006774902344e-02,6.364746093749999722e-02
6.455087661743164062e-02,6.042480468750000000e-02
6.461668014526367188e-02,6.123046874999999584e-02
6.468105316162109375e-02,6.042480468750000000e-02
6.474494934082031250e-02,6.042480468750000000e-02
6.482410430908203125e-02,5.639648437500000000e-02
6.490302085876464844e-02,5.397949218749999861e-02
6.498169898986816406e-02,5.317382812499999584e-02
6.506037712097167969e-02,4.995117187499999861e-02
6.513905525207519531e-02,4.995117187499999861e-02
6.521725654602050781e-02,4.672851562499999445e-02
6.529569625854492188e-02,4.270019531249999445e-02
6.537485122680664062e-02,4.350585937499999722e-02
6.545352935791015625e-02,4.270019531249999445e-02
6.553173065185546875e-02,3.947753906249999722e-02
6.561017036437988281e-02,3.947753906249999722e-02
6.568884849548339844e-02,3.625488281250000000e-02
6.576704978942871094e-02,3.625488281250000000e-02
6.584525108337402344e-02,3.625488281250000000e-02
6.591033935546875000e-02,3.222656250000000000e-02
6.597447395324707031e-02,2.819824218750000000e-02
6.603908538818359375e-02,2.819824218750000000e-02
6.610298156738281250e-02,2.819824218750000000e-02
6.618213653564453125e-02,2.578124999999999861e-02
6.626105308532714844e-02,2.578124999999999861e-02
6.633973121643066406e-02,2.497558593749999931e-02
6.641864776611328125e-02,2.578124999999999861e-02
6.649732589721679688e-02,2.255859374999999792e-02
6.657576560974121094e-02,2.175292968749999861e-02
6.665444374084472656e-02,1.853027343749999792e-02
6.673312187194824219e-02,1.772460937499999861e-02
6.681180000305175781e-02,1.853027343749999792e-02
6.689000129699707031e-02,1.772460937499999861e-02
6.696867942810058594e-02,1.530761718749999896e-02
6.704688072204589844e-02,1.530761718749999896e-02
6.712532043457031250e-02,1.450195312499999965e-02
6.720805168151855469e-02,1.530761718749999896e-02
6.727385520935058594e-02,1.127929687499999896e-02
6.733798980712890625e-02,1.127929687499999896e-02
6.740236282348632812e-02,1.208496093750000000e-02
6.746673583984375000e-02,1.127929687499999896e-02
6.753110885620117188e-02,1.127929687499999896e-02
6.759500503540039062e-02,1.208496093750000000e-02
6.765937805175781250e-02,8.862304687499999306e-03
6.773829460144042969e-02,8.862304687499999306e-03
6.781697273254394531e-02,8.056640625000000000e-03
6.788277626037597656e-02,8.862304687499999306e-03
6.794762611389160156e-02,8.862304687499999306e-03
6.801199913024902344e-02,8.056640625000000000e-03
6.807661056518554688e-02,8.056640625000000000e-03
6.814074516296386719e-02,8.862304687499999306e-03
6.820535659790039062e-02,8.862304687499999306e-03
6.826949119567871094e-02,8.862304687499999306e-03
6.833410263061523438e-02,8.862304687499999306e-03
6.839919090270996094e-02,8.862304687499999306e-03
6.867742538452148438e-02,8.056640625000000000e-03
6.877613067626953125e-02,8.056640625000000000e-03
6.884479522705078125e-02,9.667968749999998612e-03
6.891250610351562500e-02,1.127929687499999896e-02
6.897830963134765625e-02,1.127929687499999896e-02
6.904339790344238281e-02,1.208496093750000000e-02
6.910872459411621094e-02,1.127929687499999896e-02
6.918835639953613281e-02,1.127929687499999896e-02
6.925773620605468750e-02,1.127929687499999896e-02
6.934404373168945312e-02,1.530761718749999896e-02
6.942772865295410156e-02,1.450195312499999965e-02
6.950783729553222656e-02,1.530761718749999896e-02
6.959033012390136719e-02,1.853027343749999792e-02
6.967306137084960938e-02,1.772460937499999861e-02
6.975507736206054688e-02,1.772460937499999861e-02
6.983733177185058594e-02,1.772460937499999861e-02
6.991696357727050781e-02,2.255859374999999792e-02
6.999611854553222656e-02,2.175292968749999861e-02
7.007431983947753906e-02,2.578124999999999861e-02
7.015299797058105469e-02,2.578124999999999861e-02
7.021760940551757812e-02,2.497558593749999931e-02
7.028412818908691406e-02,2.578124999999999861e-02
7.034850120544433594e-02,2.658691406249999792e-02
7.041287422180175781e-02,2.819824218750000000e-02
7.047724723815917969e-02,2.900390624999999931e-02
7.054185867309570312e-02,2.819824218750000000e-02
7.060694694519042969e-02,3.222656250000000000e-02
7.067155838012695312e-02,3.706054687499999584e-02
7.073640823364257812e-02,3.625488281250000000e-02
7.081866264343261719e-02,3.544921874999999722e-02
7.089996337890625000e-02,3.867187499999999445e-02
7.097935676574707031e-02,3.867187499999999445e-02
7.105803489685058594e-02,3.947753906249999722e-02
7.113671302795410156e-02,4.270019531249999445e-02
7.121562957763671875e-02,4.270019531249999445e-02
7.132673263549804688e-02,4.672851562499999445e-02
7.140612602233886719e-02,4.995117187499999861e-02
7.148575782775878906e-02,5.075683593749999445e-02
7.156467437744140625e-02,4.995117187499999861e-02
7.163643836975097656e-02,5.317382812499999584e-02
7.171535491943359375e-02,5.639648437500000000e-02
7.178187370300292969e-02,6.042480468750000000e-02
7.184648513793945312e-02,5.961914062499999722e-02
7.192134857177734375e-02,6.123046874999999584e-02
7.199382781982421875e-02,6.445312500000000000e-02
7.206106185913085938e-02,6.606445312499999167e-02
7.212948799133300781e-02,6.687011718749999445e-02
7.219696044921875000e-02,7.170410156249999722e-02
7.226443290710449219e-02,7.573242187499999722e-02
7.238221168518066406e-02,7.492675781249999445e-02
7.246017456054687500e-02,7.814941406249999167e-02
7.253718376159667969e-02,7.814941406249999167e-02
7.261800765991210938e-02,8.137207031249998890e-02
7.269692420959472656e-02,8.620605468749999167e-02
7.282543182373046875e-02,8.781738281249999722e-02
7.290196418762207031e-02,9.265136718750000000e-02
7.298851013183593750e-02,9.506835937499999445e-02
7.306146621704101562e-02,9.990234374999999722e-02
7.315731048583984375e-02,9.909667968749999445e-02
7.324242591857910156e-02,1.023193359374999917e-01
7.331991195678710938e-02,1.055419921874999889e-01
7.340431213378906250e-02,1.095703124999999889e-01
7.348060607910156250e-02,1.135986328124999889e-01
7.355165481567382812e-02,1.160156249999999972e-01
7.361888885498046875e-02,1.160156249999999972e-01
7.368516921997070312e-02,1.200439453124999972e-01
7.375335693359375000e-02,1.240722656249999972e-01
7.381939888000488281e-02,1.256835937499999889e-01
7.388472557067871094e-02,1.272949218749999944e-01
7.395148277282714844e-02,1.313232421874999944e-01
7.401895523071289062e-02,1.329345703125000000e-01
7.408428192138671875e-02,1.337402343749999889e-01
7.414913177490234375e-02,1.329345703125000000e-01
7.421755790710449219e-02,1.369628906250000000e-01
7.428336143493652344e-02,1.417968749999999889e-01
7.439947128295898438e-02,1.417968749999999889e-01
7.460832595825195312e-02,1.474365234374999944e-01
7.469844818115234375e-02,1.579101562499999889e-01
7.476449012756347656e-02,1.619384765624999889e-01
7.483077049255371094e-02,1.619384765624999889e-01
7.489728927612304688e-02,1.643554687499999833e-01
7.496404647827148438e-02,1.683837890624999833e-01
7.503008842468261719e-02,1.683837890624999833e-01
7.509946823120117188e-02,1.756347656249999944e-01
7.516384124755859375e-02,1.788574218749999778e-01
7.522940635681152344e-02,1.796630859374999944e-01
