1.850414276123046875e-02,1.881382465362548828e-01,1.881408691406250000e-01
7.491588592529296875e-03,1.736874580383300781e-01,1.736900806427001953e-01
7.480382919311523438e-03,1.730265617370605469e-01,1.730287075042724609e-01
7.552623748779296875e-03,1.731698513031005859e-01,1.731724739074707031e-01
7.514715194702148438e-03,1.729266643524169922e-01,1.729297637939453125e-01
7.532119750976562500e-03,1.709806919097900391e-01,1.709830760955810547e-01
7.399559020996093750e-03,1.732945442199707031e-01,1.732971668243408203e-01
7.601022720336914062e-03,1.684145927429199219e-01,1.684176921844482422e-01
7.486820220947265625e-03,1.754734516143798828e-01,1.754758358001708984e-01
7.453441619873046875e-03,0.000000000000000000e+00,0.000000000000000000e+00
