2.284669876098632812e-02,1.933579444885253906e-01,1.933600902557373047e-01
1.136469841003417969e-02,1.731855869293212891e-01,1.731886863708496094e-01
7.629632949829101562e-03,1.708781719207763672e-01,1.708800792694091797e-01
7.830142974853515625e-03,1.698360443115234375e-01,1.698372364044189453e-01
7.851839065551757812e-03,1.742055416107177734e-01,1.742076873779296875e-01
1.038718223571777344e-02,1.688225269317626953e-01,1.688249111175537109e-01
7.488489151000976562e-03,1.728603839874267578e-01,1.728630065917968750e-01
7.506608963012695312e-03,1.666085720062255859e-01,1.666111946105957031e-01
1.079154014587402344e-02,1.770377159118652344e-01,1.770403385162353516e-01
7.577180862426757812e-03,0.000000000000000000e+00,0.000000000000000000e+00
