1.935887336730957031e-02,2.084279060363769531e-01,2.084319591522216797e-01
7.497787475585937500e-03,1.930024623870849609e-01,1.930058002471923828e-01
7.608652114868164062e-03,1.998469829559326172e-01,1.998503208160400391e-01
7.599592208862304688e-03,1.974413394927978516e-01,1.974403858184814453e-01
8.037090301513671875e-03,1.955475807189941406e-01,1.955497264862060547e-01
7.549762725830078125e-03,1.887078285217285156e-01,1.887106895446777344e-01
8.402585983276367188e-03,1.992833614349365234e-01,1.992862224578857422e-01
7.880926132202148438e-03,1.856799125671386719e-01,1.856822967529296875e-01
7.979631423950195312e-03,1.897087097167968750e-01,1.897222995758056641e-01
7.552385330200195312e-03,0.000000000000000000e+00,0.000000000000000000e+00
