1.946473121643066406e-02,2.098443508148193359e-01,2.098491191864013672e-01
7.625341415405273438e-03,2.053613662719726562e-01,2.053639888763427734e-01
7.775545120239257812e-03,2.083630561828613281e-01,2.083661556243896484e-01
7.753849029541015625e-03,1.963930130004882812e-01,1.963956356048583984e-01
7.707357406616210938e-03,1.937406063079833984e-01,1.937432289123535156e-01
7.730960845947265625e-03,2.002036571502685547e-01,2.002065181732177734e-01
7.508754730224609375e-03,1.936070919036865234e-01,1.936104297637939453e-01
7.745265960693359375e-03,1.952006816864013672e-01,1.952037811279296875e-01
7.670640945434570312e-03,1.945753097534179688e-01,1.945784091949462891e-01
7.761478424072265625e-03,0.000000000000000000e+00,0.000000000000000000e+00
