2.404499053955078125e-02,2.007040977478027344e-01,2.007069587707519531e-01
8.358955383300781250e-03,1.775581836700439453e-01,1.775608062744140625e-01
7.644891738891601562e-03,1.749103069305419922e-01,1.749131679534912109e-01
7.569789886474609375e-03,1.837923526763916016e-01,1.837959289550781250e-01
1.211214065551757812e-02,1.958310604095458984e-01,1.958332061767578125e-01
7.560968399047851562e-03,1.712193489074707031e-01,1.712217330932617188e-01
7.477760314941406250e-03,1.728243827819824219e-01,1.728267669677734375e-01
7.571697235107421875e-03,1.745574474334716797e-01,1.745595932006835938e-01
7.537364959716796875e-03,1.789205074310302734e-01,1.789231300354003906e-01
7.511615753173828125e-03,0.000000000000000000e+00,0.000000000000000000e+00
