2.456879615783691406e-02,1.946675777435302734e-01,1.946744918823242188e-01
8.051156997680664062e-03,1.803889274597167969e-01,1.803967952728271484e-01
8.172512054443359375e-03,1.738753318786621094e-01,1.738827228546142578e-01
7.730007171630859375e-03,1.730580329895019531e-01,1.730575561523437500e-01
1.427841186523437500e-02,1.787154674530029297e-01,1.787402629852294922e-01
7.873773574829101562e-03,1.757075786590576172e-01,1.757164001464843750e-01
7.870435714721679688e-03,1.751942634582519531e-01,1.752057075500488281e-01
8.035421371459960938e-03,1.770350933074951172e-01,1.770420074462890625e-01
8.379220962524414062e-03,1.841061115264892578e-01,1.841373443603515625e-01
8.181333541870117188e-03,0.000000000000000000e+00,0.000000000000000000e+00
