2.559781074523925781e-02,2.028560638427734375e-01,2.028594017028808594e-01
8.001804351806640625e-03,1.797266006469726562e-01,1.797327995300292969e-01
8.100986480712890625e-03,1.901664733886718750e-01,1.901745796203613281e-01
7.897615432739257812e-03,1.757767200469970703e-01,1.757953166961669922e-01
8.018255233764648438e-03,1.800417900085449219e-01,1.800510883331298828e-01
7.921457290649414062e-03,1.762554645538330078e-01,1.762614250183105469e-01
8.056163787841796875e-03,1.813328266143798828e-01,1.813416481018066406e-01
7.931232452392578125e-03,1.745030879974365234e-01,1.745102405548095703e-01
7.968902587890625000e-03,1.891121864318847656e-01,1.891210079193115234e-01
8.116245269775390625e-03,0.000000000000000000e+00,0.000000000000000000e+00
